        Time	      Z Scan	  Z Detector	       Force	     Current	
         sec	          µm	          µm	          nN	          nA	
0.0000e+000	 8.0241e-001	 8.2280e+000	 -2.5968e+000	3.0212e-002	 
1.0469e-002	 7.9917e-001	 8.2250e+000	 -2.5968e+000	3.1128e-002	 
2.0938e-002	 7.9606e-001	 8.2220e+000	 -2.5995e+000	3.0823e-002	 
3.1406e-002	 7.9294e-001	 8.2193e+000	 -2.6051e+000	2.9602e-002	 
4.1875e-002	 7.8982e-001	 8.2163e+000	 -2.6079e+000	3.1128e-002	 
5.2344e-002	 7.8671e-001	 8.2134e+000	 -2.6134e+000	2.9907e-002	 
6.2813e-002	 7.8359e-001	 8.2104e+000	 -2.6217e+000	2.9907e-002	 
7.3281e-002	 7.8047e-001	 8.2077e+000	 -2.6217e+000	2.9297e-002	 
8.3750e-002	 7.7736e-001	 8.2047e+000	 -2.6273e+000	3.0212e-002	 
9.4219e-002	 7.7424e-001	 8.2017e+000	 -2.6301e+000	3.0212e-002	 
1.0469e-001	 7.7113e-001	 8.1987e+000	 -2.6328e+000	3.2654e-002	 
1.1516e-001	 7.6801e-001	 8.1957e+000	 -2.6412e+000	3.0518e-002	 
1.2563e-001	 7.6489e-001	 8.1930e+000	 -2.6439e+000	3.1738e-002	 
1.3609e-001	 7.6178e-001	 8.1900e+000	 -2.6495e+000	2.9602e-002	 
1.4656e-001	 7.5864e-001	 8.1870e+000	 -2.6523e+000	2.8687e-002	 
1.5703e-001	 7.5552e-001	 8.1840e+000	 -2.6578e+000	3.0518e-002	 
1.6750e-001	 7.5240e-001	 8.1810e+000	 -2.6661e+000	2.9602e-002	 
1.7797e-001	 7.4929e-001	 8.1780e+000	 -2.6689e+000	3.0823e-002	 
1.8844e-001	 7.4617e-001	 8.1753e+000	 -2.6744e+000	3.0823e-002	 
1.9891e-001	 7.4305e-001	 8.1723e+000	 -2.6772e+000	2.8687e-002	 
2.0938e-001	 7.3994e-001	 8.1693e+000	 -2.6828e+000	2.9602e-002	 
2.1984e-001	 7.3682e-001	 8.1663e+000	 -2.6883e+000	3.0518e-002	 
2.3031e-001	 7.3371e-001	 8.1633e+000	 -2.6939e+000	3.0823e-002	 
2.4078e-001	 7.3059e-001	 8.1603e+000	 -2.6994e+000	2.9602e-002	 
2.5125e-001	 7.2747e-001	 8.1573e+000	 -2.7022e+000	2.9297e-002	 
2.6172e-001	 7.2436e-001	 8.1543e+000	 -2.7050e+000	3.2349e-002	 
2.7219e-001	 7.2124e-001	 8.1513e+000	 -2.7133e+000	2.9907e-002	 
2.8266e-001	 7.1810e-001	 8.1483e+000	 -2.7161e+000	3.0212e-002	 
2.9313e-001	 7.1498e-001	 8.1456e+000	 -2.7216e+000	3.0823e-002	 
3.0359e-001	 7.1187e-001	 8.1426e+000	 -2.7216e+000	3.0212e-002	 
3.1406e-001	 7.0875e-001	 8.1396e+000	 -2.7299e+000	3.0823e-002	 
3.2453e-001	 7.0563e-001	 8.1366e+000	 -2.7327e+000	3.1128e-002	 
3.3500e-001	 7.0252e-001	 8.1336e+000	 -2.7355e+000	3.0823e-002	 
3.4547e-001	 6.9940e-001	 8.1306e+000	 -2.7410e+000	3.1738e-002	 
3.5594e-001	 6.9628e-001	 8.1276e+000	 -2.7410e+000	2.9907e-002	 
3.6641e-001	 6.9317e-001	 8.1246e+000	 -2.7438e+000	2.9602e-002	 
3.7688e-001	 6.9005e-001	 8.1216e+000	 -2.7494e+000	3.1128e-002	 
3.8734e-001	 6.8694e-001	 8.1186e+000	 -2.7494e+000	2.9602e-002	 
3.9781e-001	 6.8382e-001	 8.1156e+000	 -2.7521e+000	3.0212e-002	 
4.0828e-001	 6.8070e-001	 8.1126e+000	 -2.7549e+000	3.0518e-002	 
4.1875e-001	 6.7756e-001	 8.1096e+000	 -2.7577e+000	2.9297e-002	 
4.2922e-001	 6.7445e-001	 8.1066e+000	 -2.7577e+000	3.0823e-002	 
4.3969e-001	 6.7133e-001	 8.1036e+000	 -2.7577e+000	2.9602e-002	 
4.5016e-001	 6.6821e-001	 8.1006e+000	 -2.7605e+000	2.8687e-002	 
4.6063e-001	 6.6510e-001	 8.0976e+000	 -2.7605e+000	3.1433e-002	 
4.7109e-001	 6.6198e-001	 8.0946e+000	 -2.7605e+000	3.1128e-002	 
4.8156e-001	 6.5886e-001	 8.0917e+000	 -2.7605e+000	3.1738e-002	 
4.9203e-001	 6.5575e-001	 8.0887e+000	 -2.7577e+000	3.0823e-002	 
5.0250e-001	 6.5263e-001	 8.0857e+000	 -2.7577e+000	3.1128e-002	 
5.1297e-001	 6.4952e-001	 8.0827e+000	 -2.7577e+000	3.1128e-002	 
5.2344e-001	 6.4640e-001	 8.0794e+000	 -2.7577e+000	3.0212e-002	 
5.3391e-001	 6.4328e-001	 8.0764e+000	 -2.7549e+000	3.0823e-002	 
5.4438e-001	 6.4014e-001	 8.0734e+000	 -2.7549e+000	3.0212e-002	 
5.5484e-001	 6.3703e-001	 8.0704e+000	 -2.7521e+000	3.0518e-002	 
5.6531e-001	 6.3391e-001	 8.0674e+000	 -2.7466e+000	3.1738e-002	 
5.7578e-001	 6.3079e-001	 8.0644e+000	 -2.7438e+000	2.8992e-002	 
5.8625e-001	 6.2768e-001	 8.0614e+000	 -2.7410e+000	2.9297e-002	 
5.9672e-001	 6.2456e-001	 8.0584e+000	 -2.7383e+000	3.1433e-002	 
6.0719e-001	 6.2144e-001	 8.0554e+000	 -2.7355e+000	3.0212e-002	 
6.1766e-001	 6.1833e-001	 8.0521e+000	 -2.7327e+000	3.0212e-002	 
6.2813e-001	 6.1521e-001	 8.0491e+000	 -2.7299e+000	3.1433e-002	 
6.3859e-001	 6.1210e-001	 8.0461e+000	 -2.7216e+000	3.0212e-002	 
6.4906e-001	 6.0898e-001	 8.0431e+000	 -2.7216e+000	2.9907e-002	 
6.5953e-001	 6.0586e-001	 8.0401e+000	 -2.7133e+000	3.1128e-002	 
6.7000e-001	 6.0275e-001	 8.0371e+000	 -2.7077e+000	3.0518e-002	 
6.8047e-001	 5.9961e-001	 8.0338e+000	 -2.7077e+000	2.9297e-002	 
6.9094e-001	 5.9649e-001	 8.0308e+000	 -2.6994e+000	2.9602e-002	 
7.0141e-001	 5.9337e-001	 8.0278e+000	 -2.6966e+000	2.9907e-002	 
7.1188e-001	 5.9026e-001	 8.0248e+000	 -2.6939e+000	2.9602e-002	 
7.2234e-001	 5.8714e-001	 8.0218e+000	 -2.6855e+000	3.0823e-002	 
7.3281e-001	 5.8402e-001	 8.0185e+000	 -2.6828e+000	3.0823e-002	 
7.4328e-001	 5.8091e-001	 8.0155e+000	 -2.6772e+000	2.8992e-002	 
7.5375e-001	 5.7779e-001	 8.0125e+000	 -2.6717e+000	2.9907e-002	 
7.6422e-001	 5.7468e-001	 8.0095e+000	 -2.6689e+000	2.8687e-002	 
7.7469e-001	 5.7156e-001	 8.0065e+000	 -2.6633e+000	2.9602e-002	 
7.8516e-001	 5.6844e-001	 8.0032e+000	 -2.6550e+000	3.0212e-002	 
7.9563e-001	 5.6533e-001	 8.0002e+000	 -2.6523e+000	3.0518e-002	 
8.0609e-001	 5.6221e-001	 7.9972e+000	 -2.6495e+000	3.1433e-002	 
8.1656e-001	 5.5907e-001	 7.9939e+000	 -2.6439e+000	3.0823e-002	 
8.2703e-001	 5.5595e-001	 7.9909e+000	 -2.6412e+000	2.9907e-002	 
8.3750e-001	 5.5284e-001	 7.9879e+000	 -2.6384e+000	3.0823e-002	 
8.4797e-001	 5.4972e-001	 7.9849e+000	 -2.6328e+000	2.9297e-002	 
8.5844e-001	 5.4660e-001	 7.9816e+000	 -2.6301e+000	3.1128e-002	 
8.6891e-001	 5.4349e-001	 7.9786e+000	 -2.6273e+000	3.0518e-002	 
8.7938e-001	 5.4037e-001	 7.9756e+000	 -2.6245e+000	2.8687e-002	 
8.8984e-001	 5.3726e-001	 7.9723e+000	 -2.6217e+000	3.0518e-002	 
9.0031e-001	 5.3414e-001	 7.9693e+000	 -2.6190e+000	3.0518e-002	 
9.1078e-001	 5.3102e-001	 7.9664e+000	 -2.6190e+000	2.9297e-002	 
9.2125e-001	 5.2791e-001	 7.9634e+000	 -2.6162e+000	3.1738e-002	 
9.3172e-001	 5.2479e-001	 7.9601e+000	 -2.6106e+000	3.0823e-002	 
9.4219e-001	 5.2167e-001	 7.9571e+000	 -2.6134e+000	2.9907e-002	 
9.5266e-001	 5.1853e-001	 7.9538e+000	 -2.6106e+000	2.8687e-002	 
9.6313e-001	 5.1542e-001	 7.9508e+000	 -2.6106e+000	3.0212e-002	 
9.7359e-001	 5.1230e-001	 7.9478e+000	 -2.6106e+000	3.0212e-002	 
9.8406e-001	 5.0918e-001	 7.9445e+000	 -2.6134e+000	2.8687e-002	 
9.9453e-001	 5.0607e-001	 7.9415e+000	 -2.6106e+000	3.2043e-002	 
1.0050e+000	 5.0295e-001	 7.9385e+000	 -2.6134e+000	3.0212e-002	 
1.0155e+000	 4.9984e-001	 7.9352e+000	 -2.6134e+000	3.1433e-002	 
1.0259e+000	 4.9672e-001	 7.9322e+000	 -2.6134e+000	3.0212e-002	 
1.0364e+000	 4.9360e-001	 7.9289e+000	 -2.6134e+000	3.1738e-002	 
1.0469e+000	 4.9049e-001	 7.9259e+000	 -2.6162e+000	3.0212e-002	 
1.0573e+000	 4.8737e-001	 7.9229e+000	 -2.6190e+000	2.8381e-002	 
1.0678e+000	 4.8425e-001	 7.9196e+000	 -2.6217e+000	3.0823e-002	 
1.0783e+000	 4.8114e-001	 7.9166e+000	 -2.6245e+000	2.9297e-002	 
1.0888e+000	 4.7800e-001	 7.9133e+000	 -2.6245e+000	2.8992e-002	 
1.0992e+000	 4.7488e-001	 7.9103e+000	 -2.6301e+000	2.9907e-002	 
1.1097e+000	 4.7176e-001	 7.9070e+000	 -2.6328e+000	3.0518e-002	 
1.1202e+000	 4.6865e-001	 7.9040e+000	 -2.6384e+000	2.8687e-002	 
1.1306e+000	 4.6553e-001	 7.9010e+000	 -2.6412e+000	2.9602e-002	 
1.1411e+000	 4.6242e-001	 7.8977e+000	 -2.6467e+000	3.0212e-002	 
1.1516e+000	 4.5930e-001	 7.8947e+000	 -2.6495e+000	2.9602e-002	 
1.1620e+000	 4.5618e-001	 7.8914e+000	 -2.6550e+000	3.0823e-002	 
1.1725e+000	 4.5307e-001	 7.8884e+000	 -2.6606e+000	2.9602e-002	 
1.1830e+000	 4.4995e-001	 7.8851e+000	 -2.6661e+000	3.0212e-002	 
1.1934e+000	 4.4683e-001	 7.8821e+000	 -2.6689e+000	3.1433e-002	 
1.2039e+000	 4.4372e-001	 7.8788e+000	 -2.6772e+000	2.9907e-002	 
1.2144e+000	 4.4060e-001	 7.8758e+000	 -2.6828e+000	3.0212e-002	 
1.2248e+000	 4.3746e-001	 7.8725e+000	 -2.6883e+000	2.9602e-002	 
1.2353e+000	 4.3434e-001	 7.8695e+000	 -2.6939e+000	2.8992e-002	 
1.2458e+000	 4.3123e-001	 7.8662e+000	 -2.6966e+000	3.1128e-002	 
1.2563e+000	 4.2811e-001	 7.8632e+000	 -2.7050e+000	2.9907e-002	 
1.2667e+000	 4.2499e-001	 7.8599e+000	 -2.7133e+000	3.0518e-002	 
1.2772e+000	 4.2188e-001	 7.8569e+000	 -2.7161e+000	2.8381e-002	 
1.2877e+000	 4.1876e-001	 7.8536e+000	 -2.7244e+000	3.1738e-002	 
1.2981e+000	 4.1565e-001	 7.8503e+000	 -2.7327e+000	2.8381e-002	 
1.3086e+000	 4.1253e-001	 7.8473e+000	 -2.7355e+000	3.0212e-002	 
1.3191e+000	 4.0941e-001	 7.8441e+000	 -2.7410e+000	3.0823e-002	 
1.3295e+000	 4.0630e-001	 7.8411e+000	 -2.7466e+000	2.9907e-002	 
1.3400e+000	 4.0318e-001	 7.8378e+000	 -2.7549e+000	3.1128e-002	 
1.3505e+000	 4.0006e-001	 7.8348e+000	 -2.7577e+000	3.0823e-002	 
1.3609e+000	 3.9692e-001	 7.8315e+000	 -2.7660e+000	2.9907e-002	 
1.3714e+000	 3.9381e-001	 7.8282e+000	 -2.7688e+000	3.0518e-002	 
1.3819e+000	 3.9069e-001	 7.8252e+000	 -2.7715e+000	2.8381e-002	 
1.3923e+000	 3.8757e-001	 7.8219e+000	 -2.7771e+000	2.9907e-002	 
1.4028e+000	 3.8446e-001	 7.8189e+000	 -2.7826e+000	2.9907e-002	 
1.4133e+000	 3.8134e-001	 7.8156e+000	 -2.7854e+000	2.9907e-002	 
1.4238e+000	 3.7823e-001	 7.8123e+000	 -2.7910e+000	3.0212e-002	 
1.4342e+000	 3.7511e-001	 7.8093e+000	 -2.7910e+000	3.0823e-002	 
1.4447e+000	 3.7199e-001	 7.8060e+000	 -2.7965e+000	3.0823e-002	 
1.4552e+000	 3.6888e-001	 7.8027e+000	 -2.7993e+000	2.8992e-002	 
1.4656e+000	 3.6576e-001	 7.7997e+000	 -2.8021e+000	2.8381e-002	 
1.4761e+000	 3.6264e-001	 7.7964e+000	 -2.8076e+000	3.0518e-002	 
1.4866e+000	 3.5953e-001	 7.7934e+000	 -2.8104e+000	2.9907e-002	 
1.4970e+000	 3.5639e-001	 7.7901e+000	 -2.8104e+000	3.0518e-002	 
1.5075e+000	 3.5327e-001	 7.7868e+000	 -2.8132e+000	2.9297e-002	 
1.5180e+000	 3.5015e-001	 7.7835e+000	 -2.8159e+000	2.8687e-002	 
1.5284e+000	 3.4704e-001	 7.7805e+000	 -2.8159e+000	2.9297e-002	 
1.5389e+000	 3.4392e-001	 7.7772e+000	 -2.8187e+000	3.1433e-002	 
1.5494e+000	 3.4081e-001	 7.7739e+000	 -2.8187e+000	3.0518e-002	 
1.5598e+000	 3.3769e-001	 7.7709e+000	 -2.8187e+000	3.0518e-002	 
1.5703e+000	 3.3457e-001	 7.7676e+000	 -2.8159e+000	2.8687e-002	 
1.5808e+000	 3.3146e-001	 7.7643e+000	 -2.8159e+000	2.8687e-002	 
1.5913e+000	 3.2834e-001	 7.7613e+000	 -2.8159e+000	2.9602e-002	 
1.6017e+000	 3.2522e-001	 7.7580e+000	 -2.8159e+000	3.1433e-002	 
1.6122e+000	 3.2211e-001	 7.7547e+000	 -2.8132e+000	3.0823e-002	 
1.6227e+000	 3.1899e-001	 7.7514e+000	 -2.8132e+000	3.0518e-002	 
1.6331e+000	 3.1585e-001	 7.7484e+000	 -2.8104e+000	2.9297e-002	 
1.6436e+000	 3.1273e-001	 7.7451e+000	 -2.8048e+000	2.9907e-002	 
1.6541e+000	 3.0962e-001	 7.7418e+000	 -2.8048e+000	2.8687e-002	 
1.6645e+000	 3.0650e-001	 7.7385e+000	 -2.7993e+000	3.0823e-002	 
1.6750e+000	 3.0339e-001	 7.7355e+000	 -2.7993e+000	2.9297e-002	 
1.6855e+000	 3.0027e-001	 7.7322e+000	 -2.7965e+000	2.9297e-002	 
1.6959e+000	 2.9715e-001	 7.7289e+000	 -2.7937e+000	3.2043e-002	 
1.7064e+000	 2.9404e-001	 7.7256e+000	 -2.7882e+000	2.9602e-002	 
1.7169e+000	 2.9092e-001	 7.7226e+000	 -2.7854e+000	3.2043e-002	 
1.7273e+000	 2.8780e-001	 7.7194e+000	 -2.7799e+000	3.0823e-002	 
1.7378e+000	 2.8469e-001	 7.7161e+000	 -2.7771e+000	3.1128e-002	 
1.7483e+000	 2.8157e-001	 7.7128e+000	 -2.7715e+000	3.0518e-002	 
1.7588e+000	 2.7846e-001	 7.7095e+000	 -2.7632e+000	3.0823e-002	 
1.7692e+000	 2.7531e-001	 7.7062e+000	 -2.7632e+000	2.9297e-002	 
1.7797e+000	 2.7220e-001	 7.7032e+000	 -2.7577e+000	3.2043e-002	 
1.7902e+000	 2.6908e-001	 7.6999e+000	 -2.7521e+000	2.8992e-002	 
1.8006e+000	 2.6597e-001	 7.6966e+000	 -2.7494e+000	2.8687e-002	 
1.8111e+000	 2.6285e-001	 7.6933e+000	 -2.7438e+000	3.0518e-002	 
1.8216e+000	 2.5973e-001	 7.6900e+000	 -2.7410e+000	2.9907e-002	 
1.8320e+000	 2.5662e-001	 7.6867e+000	 -2.7383e+000	3.0518e-002	 
1.8425e+000	 2.5350e-001	 7.6837e+000	 -2.7355e+000	3.0212e-002	 
1.8530e+000	 2.5038e-001	 7.6804e+000	 -2.7299e+000	3.0823e-002	 
1.8634e+000	 2.4727e-001	 7.6771e+000	 -2.7272e+000	3.0212e-002	 
1.8739e+000	 2.4415e-001	 7.6738e+000	 -2.7244e+000	2.8992e-002	 
1.8844e+000	 2.4103e-001	 7.6705e+000	 -2.7216e+000	2.9297e-002	 
1.8948e+000	 2.3789e-001	 7.6672e+000	 -2.7161e+000	3.0212e-002	 
1.9053e+000	 2.3478e-001	 7.6639e+000	 -2.7133e+000	3.0823e-002	 
1.9158e+000	 2.3166e-001	 7.6606e+000	 -2.7133e+000	2.9602e-002	 
1.9263e+000	 2.2855e-001	 7.6576e+000	 -2.7105e+000	3.1128e-002	 
1.9367e+000	 2.2543e-001	 7.6543e+000	 -2.7105e+000	2.9602e-002	 
1.9472e+000	 2.2231e-001	 7.6510e+000	 -2.7077e+000	2.9602e-002	 
1.9577e+000	 2.1920e-001	 7.6477e+000	 -2.7077e+000	3.0212e-002	 
1.9681e+000	 2.1608e-001	 7.6444e+000	 -2.7050e+000	2.9907e-002	 
1.9786e+000	 2.1296e-001	 7.6411e+000	 -2.7050e+000	2.8687e-002	 
1.9891e+000	 2.0985e-001	 7.6378e+000	 -2.7077e+000	2.9907e-002	 
1.9995e+000	 2.0673e-001	 7.6345e+000	 -2.7077e+000	2.9602e-002	 
2.0100e+000	 2.0361e-001	 7.6312e+000	 -2.7077e+000	2.8381e-002	 
2.0205e+000	 2.0050e-001	 7.6279e+000	 -2.7105e+000	2.9602e-002	 
2.0309e+000	 1.9736e-001	 7.6246e+000	 -2.7105e+000	2.8381e-002	 
2.0414e+000	 1.9424e-001	 7.6213e+000	 -2.7133e+000	3.0212e-002	 
2.0519e+000	 1.9113e-001	 7.6180e+000	 -2.7161e+000	3.1128e-002	 
2.0623e+000	 1.8801e-001	 7.6147e+000	 -2.7188e+000	2.9907e-002	 
2.0728e+000	 1.8489e-001	 7.6114e+000	 -2.7244e+000	2.9602e-002	 
2.0833e+000	 1.8178e-001	 7.6081e+000	 -2.7244e+000	2.9907e-002	 
2.0938e+000	 1.7866e-001	 7.6048e+000	 -2.7299e+000	3.0212e-002	 
2.1042e+000	 1.7554e-001	 7.6015e+000	 -2.7327e+000	2.9907e-002	 
2.1147e+000	 1.7243e-001	 7.5982e+000	 -2.7383e+000	2.9907e-002	 
2.1252e+000	 1.6931e-001	 7.5953e+000	 -2.7438e+000	2.9602e-002	 
2.1356e+000	 1.6619e-001	 7.5920e+000	 -2.7494e+000	2.9602e-002	 
2.1461e+000	 1.6308e-001	 7.5887e+000	 -2.7577e+000	2.9297e-002	 
2.1566e+000	 1.5996e-001	 7.5851e+000	 -2.7632e+000	2.9907e-002	 
2.1670e+000	 1.5682e-001	 7.5818e+000	 -2.7660e+000	2.9907e-002	 
2.1775e+000	 1.5370e-001	 7.5785e+000	 -2.7771e+000	3.1128e-002	 
2.1880e+000	 1.5059e-001	 7.5752e+000	 -2.7826e+000	2.8687e-002	 
2.1984e+000	 1.4747e-001	 7.5719e+000	 -2.7910e+000	2.8992e-002	 
2.2089e+000	 1.4436e-001	 7.5686e+000	 -2.8021e+000	3.0518e-002	 
2.2194e+000	 1.4124e-001	 7.5653e+000	 -2.8076e+000	3.0823e-002	 
2.2298e+000	 1.3812e-001	 7.5620e+000	 -2.8159e+000	2.9907e-002	 
2.2403e+000	 1.3501e-001	 7.5587e+000	 -2.8243e+000	2.8381e-002	 
2.2508e+000	 1.3189e-001	 7.5554e+000	 -2.8354e+000	3.1128e-002	 
2.2612e+000	 1.2877e-001	 7.5521e+000	 -2.8437e+000	3.1433e-002	 
2.2717e+000	 1.2566e-001	 7.5488e+000	 -2.8548e+000	2.8687e-002	 
2.2822e+000	 1.2254e-001	 7.5455e+000	 -2.8603e+000	2.8992e-002	 
2.2927e+000	 1.1943e-001	 7.5422e+000	 -2.8742e+000	2.8076e-002	 
2.3031e+000	 1.1628e-001	 7.5389e+000	 -2.8825e+000	2.8992e-002	 
2.3136e+000	 1.1317e-001	 7.5356e+000	 -2.8936e+000	3.0823e-002	 
2.3241e+000	 1.1005e-001	 7.5320e+000	 -2.9047e+000	2.9602e-002	 
2.3345e+000	 1.0694e-001	 7.5287e+000	 -2.9130e+000	2.8992e-002	 
2.3450e+000	 1.0382e-001	 7.5254e+000	 -2.9241e+000	3.0823e-002	 
2.3555e+000	 1.0070e-001	 7.5221e+000	 -2.9352e+000	3.0823e-002	 
2.3659e+000	 9.7587e-002	 7.5188e+000	 -2.9463e+000	3.0823e-002	 
2.3764e+000	 9.4471e-002	 7.5155e+000	 -2.9547e+000	2.9297e-002	 
2.3869e+000	 9.1354e-002	 7.5122e+000	 -2.9658e+000	2.9602e-002	 
2.3973e+000	 8.8238e-002	 7.5089e+000	 -2.9741e+000	2.9297e-002	 
2.4078e+000	 8.5122e-002	 7.5056e+000	 -2.9907e+000	3.1433e-002	 
2.4183e+000	 8.2005e-002	 7.5020e+000	 -3.0018e+000	2.9297e-002	 
2.4287e+000	 7.8889e-002	 7.4987e+000	 -3.0129e+000	3.0518e-002	 
2.4392e+000	 7.5748e-002	 7.4954e+000	 -3.0240e+000	3.0518e-002	 
2.4497e+000	 7.2632e-002	 7.4921e+000	 -3.0379e+000	2.8687e-002	 
2.4602e+000	 6.9516e-002	 7.4888e+000	 -3.0490e+000	2.9907e-002	 
2.4706e+000	 6.6399e-002	 7.4855e+000	 -3.0629e+000	3.1128e-002	 
2.4811e+000	 6.3283e-002	 7.4819e+000	 -3.0795e+000	3.0823e-002	 
2.4916e+000	 6.0167e-002	 7.4786e+000	 -3.0934e+000	2.8381e-002	 
2.5020e+000	 5.7050e-002	 7.4753e+000	 -3.1100e+000	2.9602e-002	 
2.5125e+000	 5.3934e-002	 7.4721e+000	 -3.1267e+000	3.0823e-002	 
2.5230e+000	 5.0818e-002	 7.4688e+000	 -3.1461e+000	2.9602e-002	 
2.5334e+000	 4.7702e-002	 7.4652e+000	 -3.1711e+000	2.9907e-002	 
2.5439e+000	 4.4585e-002	 7.4619e+000	 -3.1988e+000	2.9297e-002	 
2.5544e+000	 4.1469e-002	 7.4586e+000	 -3.2293e+000	2.9602e-002	 
2.5648e+000	 3.8328e-002	 7.4553e+000	 -3.2737e+000	3.0823e-002	 
2.5753e+000	 3.5212e-002	 7.4520e+000	 -3.3320e+000	2.9602e-002	 
2.5858e+000	 3.2095e-002	 7.4484e+000	 -3.4291e+000	2.8992e-002	 
2.5962e+000	 2.8979e-002	 7.4451e+000	 -4.1365e+000	2.9907e-002	 
2.6067e+000	 2.5863e-002	 7.4418e+000	 -3.8785e+000	2.9602e-002	 
2.6172e+000	 2.2747e-002	 7.4385e+000	 -3.1627e+000	2.9602e-002	 
2.6277e+000	 1.9630e-002	 7.4349e+000	 -2.4719e+000	2.8381e-002	 
2.6381e+000	 1.6514e-002	 7.4316e+000	 -1.7561e+000	3.0212e-002	 
2.6486e+000	 1.3398e-002	 7.4283e+000	 -1.0875e+000	2.8992e-002	 
2.6591e+000	 1.0281e-002	 7.4250e+000	 -3.5511e-001	3.0212e-002	 
2.6695e+000	 7.1650e-003	 7.4214e+000	 3.4124e-001	 2.9297e-002	 
2.6800e+000	 4.0487e-003	 7.4181e+000	 1.0265e+000	 2.8992e-002	 
2.6905e+000	 9.3244e-004	 7.4148e+000	 1.7700e+000	 2.8687e-002	 
2.7009e+000	 -2.1839e-003	7.4115e+000	 2.4719e+000	 3.1128e-002	 
2.7114e+000	 -5.3247e-003	7.4079e+000	 3.1572e+000	 2.9602e-002	 
2.7219e+000	 -8.4410e-003	7.4046e+000	 3.8896e+000	 3.0823e-002	 
2.7323e+000	 -1.1557e-002	7.4013e+000	 4.5693e+000	 3.0212e-002	 
2.7428e+000	 -1.4674e-002	7.3977e+000	 5.3073e+000	 3.0518e-002	 
2.7533e+000	 -1.7790e-002	7.3944e+000	 6.0036e+000	 2.9602e-002	 
2.7637e+000	 -2.0906e-002	7.3911e+000	 6.6806e+000	 2.7161e-002	 
2.7742e+000	 -2.4023e-002	7.3878e+000	 7.3880e+000	 2.8381e-002	 
2.7847e+000	 -2.7139e-002	7.3842e+000	 8.1371e+000	 2.9297e-002	 
2.7952e+000	 -3.0255e-002	7.3809e+000	 8.8251e+000	 2.9297e-002	 
2.8056e+000	 -3.3371e-002	7.3776e+000	 9.4937e+000	 2.9602e-002	 
2.8161e+000	 -3.6488e-002	7.3740e+000	 1.0243e+001	 2.7771e-002	 
2.8266e+000	 -3.9604e-002	7.3707e+000	 1.0964e+001	 3.0823e-002	 
2.8370e+000	 -4.2720e-002	7.3674e+000	 1.1680e+001	 2.9297e-002	 
2.8475e+000	 -4.5861e-002	7.3638e+000	 1.2343e+001	 2.8992e-002	 
2.8580e+000	 -4.8977e-002	7.3605e+000	 1.3039e+001	 2.9602e-002	 
2.8684e+000	 -5.2094e-002	7.3572e+000	 1.3736e+001	 2.9602e-002	 
2.8789e+000	 -5.5210e-002	7.3536e+000	 1.4465e+001	 2.8381e-002	 
2.8894e+000	 -5.8326e-002	7.3504e+000	 1.5167e+001	 3.0823e-002	 
2.8998e+000	 -6.1443e-002	7.3471e+000	 1.5883e+001	 2.9907e-002	 
2.9103e+000	 -6.4559e-002	7.3435e+000	 1.6610e+001	 2.8992e-002	 
2.9208e+000	 -6.7675e-002	7.3402e+000	 1.7312e+001	 2.9602e-002	 
2.9312e+000	 -7.0792e-002	7.3366e+000	 1.7972e+001	 2.9602e-002	 
2.9417e+000	 -7.3908e-002	7.3333e+000	 1.8718e+001	 2.9907e-002	 
2.9522e+000	 -7.7024e-002	7.3300e+000	 1.9404e+001	 2.9602e-002	 
2.9627e+000	 -8.0140e-002	7.3264e+000	 2.0103e+001	 2.9602e-002	 
2.9731e+000	 -8.3257e-002	7.3231e+000	 2.0819e+001	 2.9602e-002	 
2.9836e+000	 -8.6398e-002	7.3195e+000	 2.1523e+001	 2.9297e-002	 
2.9941e+000	 -8.9514e-002	7.3162e+000	 2.2236e+001	 2.8687e-002	 
3.0045e+000	 -9.2630e-002	7.3129e+000	 2.2949e+001	 2.8992e-002	 
3.0150e+000	 -9.5747e-002	7.3093e+000	 2.3671e+001	 2.8992e-002	 
3.0255e+000	 -9.8863e-002	7.3060e+000	 2.4342e+001	 2.9297e-002	 
3.0359e+000	 -1.0198e-001	7.3024e+000	 2.4969e+001	 2.8076e-002	 
3.0464e+000	 -1.0510e-001	7.2991e+000	 2.5737e+001	 2.7771e-002	 
3.0569e+000	 -1.0821e-001	7.2958e+000	 2.6486e+001	 2.7771e-002	 
3.0673e+000	 -1.1133e-001	7.2922e+000	 2.7138e+001	 2.9907e-002	 
3.0778e+000	 -1.1444e-001	7.2889e+000	 2.7829e+001	 2.9297e-002	 
3.0883e+000	 -1.1756e-001	7.2853e+000	 2.8512e+001	 2.9907e-002	 
3.0987e+000	 -1.2068e-001	7.2820e+000	 2.9266e+001	 2.8992e-002	 
3.1092e+000	 -1.2379e-001	7.2784e+000	 2.9940e+001	 2.9907e-002	 
3.1197e+000	 -1.2693e-001	7.2751e+000	 3.0712e+001	 2.9297e-002	 
3.1302e+000	 -1.3005e-001	7.2715e+000	 3.1350e+001	 2.9907e-002	 
3.1406e+000	 -1.3317e-001	7.2682e+000	 3.2002e+001	 3.0212e-002	 
3.1511e+000	 -1.3628e-001	7.2649e+000	 3.2820e+001	 3.0212e-002	 
3.1616e+000	 -1.3940e-001	7.2613e+000	 3.3458e+001	 3.0518e-002	 
3.1720e+000	 -1.4252e-001	7.2580e+000	 3.4221e+001	 3.0212e-002	 
3.1825e+000	 -1.4563e-001	7.2544e+000	 3.5004e+001	 2.9602e-002	 
3.1930e+000	 -1.4875e-001	7.2511e+000	 3.5656e+001	 3.0212e-002	 
3.2034e+000	 -1.5186e-001	7.2475e+000	 3.6394e+001	 2.9602e-002	 
3.2139e+000	 -1.5498e-001	7.2442e+000	 3.7095e+001	 2.7771e-002	 
3.2244e+000	 -1.5810e-001	7.2406e+000	 3.7778e+001	 2.8992e-002	 
3.2348e+000	 -1.6121e-001	7.2373e+000	 3.8447e+001	 2.8992e-002	 
3.2453e+000	 -1.6435e-001	7.2337e+000	 3.9251e+001	 2.9297e-002	 
3.2558e+000	 -1.6747e-001	7.2304e+000	 3.9909e+001	 2.8076e-002	 
3.2662e+000	 -1.7059e-001	7.2269e+000	 4.0547e+001	 2.9602e-002	 
3.2767e+000	 -1.7370e-001	7.2236e+000	 4.1324e+001	 2.9602e-002	 
3.2872e+000	 -1.7682e-001	7.2200e+000	 4.2103e+001	 2.8381e-002	 
3.2977e+000	 -1.7994e-001	7.2167e+000	 4.2716e+001	 2.8381e-002	 
3.3081e+000	 -1.8305e-001	7.2131e+000	 4.3304e+001	 2.9602e-002	 
3.3186e+000	 -1.8617e-001	7.2095e+000	 4.4065e+001	 2.9602e-002	 
3.3291e+000	 -1.8928e-001	7.2062e+000	 4.4844e+001	 2.8076e-002	 
3.3395e+000	 -1.9240e-001	7.2026e+000	 4.5499e+001	 2.9297e-002	 
3.3500e+000	 -1.9552e-001	7.1993e+000	 4.6209e+001	 2.9297e-002	 
3.3605e+000	 -1.9863e-001	7.1957e+000	 4.6905e+001	 2.8687e-002	 
3.3709e+000	 -2.0175e-001	7.1924e+000	 4.7702e+001	 3.0212e-002	 
3.3814e+000	 -2.0489e-001	7.1888e+000	 4.8368e+001	 2.8687e-002	 
3.3919e+000	 -2.0801e-001	7.1855e+000	 4.9130e+001	 2.8992e-002	 
3.4023e+000	 -2.1112e-001	7.1819e+000	 4.9880e+001	 2.8687e-002	 
3.4128e+000	 -2.1424e-001	7.1783e+000	 5.0473e+001	 2.7466e-002	 
3.4233e+000	 -2.1736e-001	7.1750e+000	 5.1325e+001	 2.8381e-002	 
3.4337e+000	 -2.2047e-001	7.1714e+000	 5.1872e+001	 3.0823e-002	 
3.4442e+000	 -2.2359e-001	7.1681e+000	 5.2629e+001	 2.9907e-002	 
3.4547e+000	 -2.2670e-001	7.1645e+000	 5.3442e+001	 2.6245e-002	 
3.4652e+000	 -2.2982e-001	7.1612e+000	 5.4121e+001	 6.4087e-003	 
3.4756e+000	 -2.3139e-001	7.1594e+000	 5.4674e+001	 -5.9509e-002	
3.4861e+000	 -2.3139e-001	7.1594e+000	 5.4662e+001	 -5.7678e-002	
3.4966e+000	 -2.3139e-001	7.1594e+000	 5.4868e+001	 -9.0027e-002	
3.5070e+000	 -2.3139e-001	7.1594e+000	 5.4862e+001	 -8.8806e-002	
3.5175e+000	 -2.3139e-001	7.1594e+000	 5.5129e+001	 -1.2115e-001	
3.5280e+000	 -2.3139e-001	7.1594e+000	 5.5242e+001	 -1.3123e-001	
3.5384e+000	 -2.3139e-001	7.1594e+000	 5.5289e+001	 -1.3428e-001	
3.5489e+000	 -2.3139e-001	7.1594e+000	 5.5370e+001	 -1.4069e-001	
3.5594e+000	 -2.3139e-001	7.1594e+000	 5.5464e+001	 -1.4435e-001	
3.5698e+000	 -2.3139e-001	7.1594e+000	 5.5539e+001	 -1.4954e-001	
3.5803e+000	 -2.3139e-001	7.1594e+000	 5.5595e+001	 -1.5015e-001	
3.5908e+000	 -2.3139e-001	7.1594e+000	 5.5628e+001	 -1.4954e-001	
3.6012e+000	 -2.3139e-001	7.1594e+000	 5.5728e+001	 -1.5259e-001	
3.6117e+000	 -2.3139e-001	7.1594e+000	 5.5747e+001	 -1.5137e-001	
3.6222e+000	 -2.3139e-001	7.1594e+000	 5.5844e+001	 -1.5320e-001	
3.6327e+000	 -2.3139e-001	7.1594e+000	 5.5833e+001	 -1.5289e-001	
3.6431e+000	 -2.3139e-001	7.1594e+000	 5.5894e+001	 -1.5625e-001	
3.6536e+000	 -2.3139e-001	7.1594e+000	 5.5880e+001	 -1.5625e-001	
3.6641e+000	 -2.3139e-001	7.1594e+000	 5.6008e+001	 -1.5778e-001	
3.6745e+000	 -2.3139e-001	7.1594e+000	 5.6072e+001	 -1.5747e-001	
3.6850e+000	 -2.3139e-001	7.1594e+000	 5.6119e+001	 -1.5686e-001	
3.6955e+000	 -2.3139e-001	7.1594e+000	 5.6116e+001	 -1.5656e-001	
3.7059e+000	 -2.3139e-001	7.1594e+000	 5.6269e+001	 -1.5747e-001	
3.7164e+000	 -2.3139e-001	7.1594e+000	 5.6205e+001	 -1.5656e-001	
3.7269e+000	 -2.3139e-001	7.1594e+000	 5.6163e+001	 -1.5839e-001	
3.7373e+000	 -2.3139e-001	7.1594e+000	 5.6163e+001	 -1.5808e-001	
3.7478e+000	 -2.3139e-001	7.1594e+000	 5.6183e+001	 -1.5839e-001	
3.7583e+000	 -2.3139e-001	7.1594e+000	 5.6360e+001	 -1.6052e-001	
3.7687e+000	 -2.3139e-001	7.1594e+000	 5.6399e+001	 -1.5869e-001	
3.7792e+000	 -2.3139e-001	7.1594e+000	 5.6408e+001	 -1.6022e-001	
3.7897e+000	 -2.3139e-001	7.1594e+000	 5.6377e+001	 -1.5747e-001	
3.8002e+000	 -2.3139e-001	7.1594e+000	 5.6399e+001	 -1.5747e-001	
3.8106e+000	 -2.3139e-001	7.1594e+000	 5.6532e+001	 -1.5961e-001	
3.8211e+000	 -2.3139e-001	7.1594e+000	 5.6624e+001	 -1.5991e-001	
3.8316e+000	 -2.3139e-001	7.1594e+000	 5.6649e+001	 -1.5808e-001	
3.8420e+000	 -2.3139e-001	7.1594e+000	 5.6643e+001	 -1.5991e-001	
3.8525e+000	 -2.3139e-001	7.1594e+000	 5.6607e+001	 -1.6052e-001	
3.8630e+000	 -2.3139e-001	7.1594e+000	 5.6810e+001	 -1.6052e-001	
3.8734e+000	 -2.3139e-001	7.1594e+000	 5.6743e+001	 -1.5961e-001	
3.8839e+000	 -2.3139e-001	7.1594e+000	 5.6935e+001	 -1.6144e-001	
3.8944e+000	 -2.3139e-001	7.1594e+000	 5.6824e+001	 -1.6083e-001	
3.9048e+000	 -2.3139e-001	7.1594e+000	 5.7018e+001	 -1.6022e-001	
3.9153e+000	 -2.3139e-001	7.1594e+000	 5.6885e+001	 -1.6235e-001	
3.9258e+000	 -2.3139e-001	7.1594e+000	 5.6838e+001	 -1.6144e-001	
3.9362e+000	 -2.3139e-001	7.1594e+000	 5.6832e+001	 -1.5961e-001	
3.9467e+000	 -2.3139e-001	7.1594e+000	 5.6929e+001	 -1.6144e-001	
3.9572e+000	 -2.3139e-001	7.1594e+000	 5.7051e+001	 -1.6235e-001	
3.9677e+000	 -2.3139e-001	7.1594e+000	 5.7071e+001	 -1.6174e-001	
3.9781e+000	 -2.3139e-001	7.1594e+000	 5.7065e+001	 -1.6266e-001	
3.9886e+000	 -2.3139e-001	7.1594e+000	 5.7109e+001	 -1.6113e-001	
3.9991e+000	 -2.3139e-001	7.1594e+000	 5.7293e+001	 -1.6388e-001	
4.0095e+000	 -2.3139e-001	7.1594e+000	 5.7182e+001	 -1.6266e-001	
4.0200e+000	 -2.3139e-001	7.1594e+000	 5.7112e+001	 -1.6144e-001	
4.0305e+000	 -2.3139e-001	7.1594e+000	 5.7204e+001	 -1.6296e-001	
4.0409e+000	 -2.3139e-001	7.1594e+000	 5.7306e+001	 -1.6327e-001	
4.0514e+000	 -2.3139e-001	7.1594e+000	 5.7384e+001	 -1.6266e-001	
4.0619e+000	 -2.3139e-001	7.1594e+000	 5.7395e+001	 -1.6357e-001	
4.0723e+000	 -2.3139e-001	7.1594e+000	 5.7193e+001	 -1.6235e-001	
4.0828e+000	 -2.3139e-001	7.1594e+000	 5.7451e+001	 -1.6327e-001	
4.0933e+000	 -2.3139e-001	7.1594e+000	 5.7487e+001	 -1.6602e-001	
4.1037e+000	 -2.3139e-001	7.1594e+000	 5.7348e+001	 -1.6266e-001	
4.1142e+000	 -2.3139e-001	7.1594e+000	 5.7326e+001	 -1.6327e-001	
4.1247e+000	 -2.3139e-001	7.1594e+000	 5.7520e+001	 -1.6357e-001	
4.1352e+000	 -2.3139e-001	7.1594e+000	 5.7501e+001	 -1.6266e-001	
4.1456e+000	 -2.3139e-001	7.1594e+000	 5.7434e+001	 -1.6296e-001	
4.1561e+000	 -2.3139e-001	7.1594e+000	 5.7428e+001	 -1.6327e-001	
4.1666e+000	 -2.3139e-001	7.1594e+000	 5.7409e+001	 -1.6449e-001	
4.1770e+000	 -2.3139e-001	7.1594e+000	 5.7545e+001	 -1.6266e-001	
4.1875e+000	 -2.3139e-001	7.1594e+000	 5.7442e+001	 -1.6479e-001	
4.1980e+000	 -2.3139e-001	7.1594e+000	 5.7531e+001	 -1.6388e-001	
4.2084e+000	 -2.3139e-001	7.1594e+000	 5.7709e+001	 -1.6357e-001	
4.2189e+000	 -2.3139e-001	7.1594e+000	 5.7750e+001	 -1.6571e-001	
4.2294e+000	 -2.3139e-001	7.1594e+000	 5.7595e+001	 -1.6418e-001	
4.2398e+000	 -2.3139e-001	7.1594e+000	 5.7534e+001	 -1.6357e-001	
4.2503e+000	 -2.3139e-001	7.1594e+000	 5.7645e+001	 -1.6479e-001	
4.2608e+000	 -2.3139e-001	7.1594e+000	 5.7711e+001	 -1.6388e-001	
4.2712e+000	 -2.3139e-001	7.1594e+000	 5.7689e+001	 -1.6479e-001	
4.2817e+000	 -2.3139e-001	7.1594e+000	 5.7834e+001	 -1.6418e-001	
4.2922e+000	 -2.3139e-001	7.1594e+000	 5.7803e+001	 -1.6388e-001	
4.3027e+000	 -2.3139e-001	7.1594e+000	 5.7864e+001	 -1.6510e-001	
4.3131e+000	 -2.3139e-001	7.1594e+000	 5.7792e+001	 -1.6449e-001	
4.3236e+000	 -2.3139e-001	7.1594e+000	 5.7792e+001	 -1.6541e-001	
4.3341e+000	 -2.3139e-001	7.1594e+000	 5.7828e+001	 -1.6724e-001	
4.3445e+000	 -2.3139e-001	7.1594e+000	 5.7828e+001	 -1.6479e-001	
4.3550e+000	 -2.3139e-001	7.1594e+000	 5.7822e+001	 -1.6663e-001	
4.3655e+000	 -2.3139e-001	7.1594e+000	 5.7831e+001	 -1.6541e-001	
4.3759e+000	 -2.3139e-001	7.1594e+000	 5.7797e+001	 -1.6541e-001	
4.3864e+000	 -2.3139e-001	7.1594e+000	 5.7931e+001	 -1.6510e-001	
4.3969e+000	 -2.3139e-001	7.1594e+000	 5.7761e+001	 -1.6479e-001	
4.4073e+000	 -2.3139e-001	7.1594e+000	 5.7675e+001	 -1.6449e-001	
4.4178e+000	 -2.3139e-001	7.1594e+000	 5.7800e+001	 -1.6510e-001	
4.4283e+000	 -2.3139e-001	7.1594e+000	 5.7831e+001	 -1.6632e-001	
4.4387e+000	 -2.3139e-001	7.1594e+000	 5.7961e+001	 -1.6663e-001	
4.4492e+000	 -2.3139e-001	7.1594e+000	 5.8003e+001	 -1.6479e-001	
4.4597e+000	 -2.3139e-001	7.1594e+000	 5.8080e+001	 -1.6541e-001	
4.4702e+000	 -2.3139e-001	7.1594e+000	 5.8000e+001	 -1.6510e-001	
4.4806e+000	 -2.3139e-001	7.1594e+000	 5.8031e+001	 -1.6663e-001	
4.4911e+000	 -2.3139e-001	7.1594e+000	 5.7911e+001	 -1.6602e-001	
4.5016e+000	 -2.3139e-001	7.1594e+000	 5.8053e+001	 -1.6815e-001	
4.5120e+000	 -2.3139e-001	7.1594e+000	 5.7981e+001	 -1.6632e-001	
4.5225e+000	 -2.3139e-001	7.1594e+000	 5.7922e+001	 -1.6571e-001	
4.5330e+000	 -2.3139e-001	7.1594e+000	 5.8014e+001	 -1.6693e-001	
4.5434e+000	 -2.3139e-001	7.1594e+000	 5.8136e+001	 -1.6571e-001	
4.5539e+000	 -2.3139e-001	7.1594e+000	 5.8128e+001	 -1.6541e-001	
4.5644e+000	 -2.3139e-001	7.1594e+000	 5.8158e+001	 -1.6602e-001	
4.5748e+000	 -2.3139e-001	7.1594e+000	 5.7994e+001	 -1.6632e-001	
4.5853e+000	 -2.3139e-001	7.1594e+000	 5.8044e+001	 -1.6602e-001	
4.5958e+000	 -2.3139e-001	7.1594e+000	 5.8164e+001	 -1.6571e-001	
4.6062e+000	 -2.3139e-001	7.1594e+000	 5.8105e+001	 -1.6754e-001	
4.6167e+000	 -2.3139e-001	7.1594e+000	 5.8258e+001	 -1.6602e-001	
4.6272e+000	 -2.3139e-001	7.1594e+000	 5.8308e+001	 -1.6663e-001	
4.6377e+000	 -2.3139e-001	7.1594e+000	 5.8319e+001	 -1.6632e-001	
4.6481e+000	 -2.3139e-001	7.1594e+000	 5.8336e+001	 -1.6724e-001	
4.6586e+000	 -2.3139e-001	7.1594e+000	 5.8377e+001	 -1.6785e-001	
4.6691e+000	 -2.3139e-001	7.1594e+000	 5.8319e+001	 -1.6754e-001	
4.6795e+000	 -2.3139e-001	7.1594e+000	 5.8336e+001	 -1.6754e-001	
4.6900e+000	 -2.3139e-001	7.1594e+000	 5.8311e+001	 -1.6693e-001	
4.7005e+000	 -2.3139e-001	7.1594e+000	 5.8352e+001	 -1.6663e-001	
4.7109e+000	 -2.3139e-001	7.1594e+000	 5.8178e+001	 -1.6724e-001	
4.7214e+000	 -2.3139e-001	7.1594e+000	 5.8216e+001	 -1.6754e-001	
4.7319e+000	 -2.3139e-001	7.1594e+000	 5.8388e+001	 -1.6815e-001	
4.7423e+000	 -2.3139e-001	7.1594e+000	 5.8508e+001	 -1.6846e-001	
4.7528e+000	 -2.3139e-001	7.1594e+000	 5.8216e+001	 -1.6846e-001	
4.7633e+000	 -2.3139e-001	7.1594e+000	 5.8325e+001	 -1.6754e-001	
4.7737e+000	 -2.3139e-001	7.1594e+000	 5.8386e+001	 -1.6754e-001	
4.7842e+000	 -2.3139e-001	7.1594e+000	 5.8424e+001	 -1.6754e-001	
4.7947e+000	 -2.3139e-001	7.1594e+000	 5.8280e+001	 -1.6693e-001	
4.8052e+000	 -2.3139e-001	7.1594e+000	 5.8316e+001	 -1.6815e-001	
4.8156e+000	 -2.3139e-001	7.1594e+000	 5.8474e+001	 -1.6724e-001	
4.8261e+000	 -2.3139e-001	7.1594e+000	 5.8461e+001	 -1.6846e-001	
4.8366e+000	 -2.3139e-001	7.1594e+000	 5.8472e+001	 -1.6785e-001	
4.8470e+000	 -2.3139e-001	7.1594e+000	 5.8527e+001	 -1.6785e-001	
4.8575e+000	 -2.3139e-001	7.1594e+000	 5.8555e+001	 -1.6815e-001	
4.8680e+000	 -2.3139e-001	7.1594e+000	 5.8325e+001	 -1.6754e-001	
4.8784e+000	 -2.3139e-001	7.1594e+000	 5.8397e+001	 -1.6693e-001	
4.8889e+000	 -2.3139e-001	7.1594e+000	 5.8399e+001	 -1.6571e-001	
4.8994e+000	 -2.3139e-001	7.1594e+000	 5.8455e+001	 -1.6724e-001	
4.9098e+000	 -2.3139e-001	7.1594e+000	 5.8522e+001	 -1.6632e-001	
4.9203e+000	 -2.3139e-001	7.1594e+000	 5.8677e+001	 -1.6876e-001	
4.9308e+000	 -2.3139e-001	7.1594e+000	 5.8560e+001	 -1.7059e-001	
4.9412e+000	 -2.3139e-001	7.1594e+000	 5.8580e+001	 -1.7059e-001	
4.9517e+000	 -2.3139e-001	7.1594e+000	 5.8621e+001	 -1.6815e-001	
4.9622e+000	 -2.3139e-001	7.1594e+000	 5.8530e+001	 -1.6907e-001	
4.9727e+000	 -2.3139e-001	7.1594e+000	 5.8588e+001	 -1.6754e-001	
4.9831e+000	 -2.3139e-001	7.1594e+000	 5.8527e+001	 -1.6907e-001	
4.9936e+000	 -2.3139e-001	7.1594e+000	 5.8544e+001	 -1.6937e-001	
5.0041e+000	 -2.3139e-001	7.1594e+000	 5.8522e+001	 -1.6907e-001	
5.0145e+000	 -2.3139e-001	7.1594e+000	 5.8430e+001	 -1.6815e-001	
5.0250e+000	 -2.3139e-001	7.1594e+000	 5.8491e+001	 -1.6876e-001	
5.0355e+000	 -2.3139e-001	7.1594e+000	 5.8535e+001	 -1.6876e-001	
5.0459e+000	 -2.3139e-001	7.1594e+000	 5.8677e+001	 -1.6937e-001	
5.0564e+000	 -2.3139e-001	7.1594e+000	 5.8760e+001	 -1.6846e-001	
5.0669e+000	 -2.3139e-001	7.1594e+000	 5.8716e+001	 -1.6815e-001	
5.0773e+000	 -2.3139e-001	7.1594e+000	 5.8644e+001	 -1.6937e-001	
5.0878e+000	 -2.3139e-001	7.1594e+000	 5.8680e+001	 -1.7090e-001	
5.0983e+000	 -2.3139e-001	7.1594e+000	 5.8705e+001	 -1.6968e-001	
5.1087e+000	 -2.3139e-001	7.1594e+000	 5.8494e+001	 -1.6937e-001	
5.1192e+000	 -2.3139e-001	7.1594e+000	 5.8513e+001	 -1.6815e-001	
5.1297e+000	 -2.3139e-001	7.1594e+000	 5.8696e+001	 -1.6846e-001	
5.1402e+000	 -2.3139e-001	7.1594e+000	 5.8724e+001	 -1.6754e-001	
5.1506e+000	 -2.3139e-001	7.1594e+000	 5.8713e+001	 -1.6937e-001	
5.1611e+000	 -2.3139e-001	7.1594e+000	 5.8832e+001	 -1.7059e-001	
5.1716e+000	 -2.3139e-001	7.1594e+000	 5.8827e+001	 -1.7090e-001	
5.1820e+000	 -2.3139e-001	7.1594e+000	 5.8724e+001	 -1.6937e-001	
5.1925e+000	 -2.3139e-001	7.1594e+000	 5.8660e+001	 -1.6724e-001	
5.2030e+000	 -2.3139e-001	7.1594e+000	 5.8535e+001	 -1.6937e-001	
5.2134e+000	 -2.3139e-001	7.1594e+000	 5.8602e+001	 -1.6876e-001	
5.2239e+000	 -2.3139e-001	7.1594e+000	 5.8696e+001	 -1.6907e-001	
5.2344e+000	 -2.3139e-001	7.1594e+000	 5.8744e+001	 -1.7120e-001	
5.2448e+000	 -2.3139e-001	7.1594e+000	 5.8777e+001	 -1.6876e-001	
5.2553e+000	 -2.3139e-001	7.1594e+000	 5.8863e+001	 -1.6876e-001	
5.2658e+000	 -2.3139e-001	7.1594e+000	 5.8810e+001	 -1.7059e-001	
5.2762e+000	 -2.3139e-001	7.1594e+000	 5.8838e+001	 -1.7059e-001	
5.2867e+000	 -2.3139e-001	7.1594e+000	 5.8688e+001	 -1.7029e-001	
5.2972e+000	 -2.3139e-001	7.1594e+000	 5.8655e+001	 -1.6968e-001	
5.3077e+000	 -2.3139e-001	7.1594e+000	 5.8824e+001	 -1.7059e-001	
5.3181e+000	 -2.3139e-001	7.1594e+000	 5.8974e+001	 -1.6998e-001	
5.3286e+000	 -2.3139e-001	7.1594e+000	 5.8835e+001	 -1.6846e-001	
5.3391e+000	 -2.3139e-001	7.1594e+000	 5.8810e+001	 -1.7059e-001	
5.3495e+000	 -2.3139e-001	7.1594e+000	 5.8780e+001	 -1.6998e-001	
5.3600e+000	 -2.3139e-001	7.1330e+000	 5.8871e+001	 -1.6968e-001	
5.3705e+000	 -2.3139e-001	7.1330e+000	 5.8777e+001	 -1.6937e-001	
5.3809e+000	 -2.3139e-001	7.1330e+000	 5.8818e+001	 -1.6968e-001	
5.3914e+000	 -2.3139e-001	7.1330e+000	 5.8868e+001	 -1.7059e-001	
5.4019e+000	 -2.3139e-001	7.1330e+000	 5.9021e+001	 -1.6998e-001	
5.4123e+000	 -2.3139e-001	7.1330e+000	 5.8904e+001	 -1.7059e-001	
5.4228e+000	 -2.3139e-001	7.1330e+000	 5.8968e+001	 -1.6968e-001	
5.4333e+000	 -2.3139e-001	7.1330e+000	 5.8791e+001	 -1.7029e-001	
5.4438e+000	 -2.3139e-001	7.1330e+000	 5.8868e+001	 -1.6937e-001	
5.4542e+000	 -2.3139e-001	7.1330e+000	 5.8899e+001	 -1.6907e-001	
5.4647e+000	 -2.3139e-001	7.1330e+000	 5.8996e+001	 -1.6968e-001	
5.4752e+000	 -2.3139e-001	7.1330e+000	 5.8927e+001	 -1.7120e-001	
5.4856e+000	 -2.3139e-001	7.1330e+000	 5.8968e+001	 -1.7029e-001	
5.4961e+000	 -2.3139e-001	7.1330e+000	 5.8993e+001	 -1.6998e-001	
5.5066e+000	 -2.3139e-001	7.1330e+000	 5.8846e+001	 -1.7181e-001	
5.5170e+000	 -2.3139e-001	7.1330e+000	 5.8849e+001	 -1.6998e-001	
5.5275e+000	 -2.3139e-001	7.1330e+000	 5.8993e+001	 -1.7029e-001	
5.5380e+000	 -2.3139e-001	7.1330e+000	 5.9237e+001	 -1.7090e-001	
5.5484e+000	 -2.3139e-001	7.1330e+000	 5.9085e+001	 -1.7151e-001	
5.5589e+000	 -2.3139e-001	7.1330e+000	 5.9196e+001	 -1.7151e-001	
5.5694e+000	 -2.3139e-001	7.1330e+000	 5.9221e+001	 -1.7181e-001	
5.5798e+000	 -2.3139e-001	7.1330e+000	 5.9246e+001	 -1.7151e-001	
5.5903e+000	 -2.3139e-001	7.1330e+000	 5.9248e+001	 -1.7242e-001	
5.6008e+000	 -2.3139e-001	7.1330e+000	 5.9176e+001	 -1.7120e-001	
5.6113e+000	 -2.3139e-001	7.1330e+000	 5.9179e+001	 -1.6968e-001	
5.6217e+000	 -2.3139e-001	7.1330e+000	 5.9129e+001	 -1.6998e-001	
5.6322e+000	 -2.3139e-001	7.1330e+000	 5.9074e+001	 -1.7059e-001	
5.6427e+000	 -2.3139e-001	7.1330e+000	 5.9140e+001	 -1.7212e-001	
5.6531e+000	 -2.3139e-001	7.1330e+000	 5.9093e+001	 -1.7090e-001	
5.6636e+000	 -2.3139e-001	7.1330e+000	 5.9187e+001	 -1.7242e-001	
5.6741e+000	 -2.3139e-001	7.1330e+000	 5.9024e+001	 -1.7090e-001	
5.6845e+000	 -2.3139e-001	7.1330e+000	 5.9174e+001	 -1.7120e-001	
5.6950e+000	 -2.3139e-001	7.1330e+000	 5.9182e+001	 -1.6937e-001	
5.7055e+000	 -2.3139e-001	7.1330e+000	 5.9124e+001	 -1.7151e-001	
5.7159e+000	 -2.3139e-001	7.1330e+000	 5.9088e+001	 -1.7151e-001	
5.7264e+000	 -2.3139e-001	7.1330e+000	 5.9132e+001	 -1.7059e-001	
5.7369e+000	 -2.3139e-001	7.1330e+000	 5.9162e+001	 -1.7242e-001	
5.7473e+000	 -2.3139e-001	7.1330e+000	 5.9162e+001	 -1.7120e-001	
5.7578e+000	 -2.3139e-001	7.1330e+000	 5.9262e+001	 -1.7212e-001	
5.7683e+000	 -2.3139e-001	7.1330e+000	 5.9212e+001	 -1.7120e-001	
5.7788e+000	 -2.3139e-001	7.1330e+000	 5.9348e+001	 -1.7059e-001	
5.7892e+000	 -2.3139e-001	7.1330e+000	 5.9251e+001	 -1.7029e-001	
5.7997e+000	 -2.3139e-001	7.1330e+000	 5.9265e+001	 -1.7303e-001	
5.8102e+000	 -2.3139e-001	7.1330e+000	 5.9412e+001	 -1.7303e-001	
5.8206e+000	 -2.3139e-001	7.1330e+000	 5.9287e+001	 -1.7181e-001	
5.8311e+000	 -2.3139e-001	7.1330e+000	 5.9207e+001	 -1.7242e-001	
5.8416e+000	 -2.3139e-001	7.1330e+000	 5.9160e+001	 -1.7151e-001	
5.8520e+000	 -2.3139e-001	7.1330e+000	 5.9151e+001	 -1.7120e-001	
5.8625e+000	 -2.3139e-001	7.1330e+000	 5.9309e+001	 -1.7151e-001	
5.8730e+000	 -2.3139e-001	7.1330e+000	 5.9248e+001	 -1.7151e-001	
5.8834e+000	 -2.3139e-001	7.1330e+000	 5.9287e+001	 -1.7212e-001	
5.8939e+000	 -2.3139e-001	7.1330e+000	 5.9481e+001	 -1.7120e-001	
5.9044e+000	 -2.3139e-001	7.1330e+000	 5.9368e+001	 -1.7242e-001	
5.9148e+000	 -2.3139e-001	7.1330e+000	 5.9340e+001	 -1.7303e-001	
5.9253e+000	 -2.3139e-001	7.1330e+000	 5.9318e+001	 -1.7120e-001	
5.9358e+000	 -2.3139e-001	7.1330e+000	 5.9493e+001	 -1.7273e-001	
5.9463e+000	 -2.3139e-001	7.1330e+000	 5.9276e+001	 -1.7090e-001	
5.9567e+000	 -2.3139e-001	7.1330e+000	 5.9495e+001	 -1.7212e-001	
5.9672e+000	 -2.3139e-001	7.1330e+000	 5.9362e+001	 -1.7242e-001	
5.9777e+000	 -2.3139e-001	7.1330e+000	 5.9429e+001	 -1.7303e-001	
5.9881e+000	 -2.3139e-001	7.1330e+000	 5.9334e+001	 -1.7395e-001	
5.9986e+000	 -2.3139e-001	7.1330e+000	 5.9387e+001	 -1.7334e-001	
6.0091e+000	 -2.3139e-001	7.1330e+000	 5.9376e+001	 -1.7273e-001	
6.0195e+000	 -2.3139e-001	7.1330e+000	 5.9509e+001	 -1.7212e-001	
6.0300e+000	 -2.3139e-001	7.1330e+000	 5.9479e+001	 -1.7273e-001	
6.0405e+000	 -2.3139e-001	7.1330e+000	 5.9470e+001	 -1.7151e-001	
6.0509e+000	 -2.3139e-001	7.1330e+000	 5.9562e+001	 -1.7273e-001	
6.0614e+000	 -2.3139e-001	7.1330e+000	 5.9556e+001	 -1.7273e-001	
6.0719e+000	 -2.3139e-001	7.1330e+000	 5.9523e+001	 -1.7456e-001	
6.0823e+000	 -2.3139e-001	7.1330e+000	 5.9437e+001	 -1.7303e-001	
6.0928e+000	 -2.3139e-001	7.1330e+000	 5.9473e+001	 -1.7456e-001	
6.1033e+000	 -2.3139e-001	7.1330e+000	 5.9440e+001	 -1.7303e-001	
6.1138e+000	 -2.3139e-001	7.1330e+000	 5.9598e+001	 -1.7365e-001	
6.1242e+000	 -2.3139e-001	7.1330e+000	 5.9462e+001	 -1.7181e-001	
6.1347e+000	 -2.3139e-001	7.1330e+000	 5.9429e+001	 -1.7151e-001	
6.1452e+000	 -2.3139e-001	7.1330e+000	 5.9404e+001	 -1.7334e-001	
6.1556e+000	 -2.3139e-001	7.1330e+000	 5.9562e+001	 -1.7273e-001	
6.1661e+000	 -2.3139e-001	7.1330e+000	 5.9465e+001	 -1.7334e-001	
6.1766e+000	 -2.3139e-001	7.1330e+000	 5.9615e+001	 -1.7487e-001	
6.1870e+000	 -2.3139e-001	7.1330e+000	 5.9587e+001	 -1.7303e-001	
6.1975e+000	 -2.3139e-001	7.1330e+000	 5.9595e+001	 -1.7303e-001	
6.2080e+000	 -2.3139e-001	7.1330e+000	 5.9562e+001	 -1.7273e-001	
6.2184e+000	 -2.3139e-001	7.1330e+000	 5.9573e+001	 -1.7395e-001	
6.2289e+000	 -2.3139e-001	7.1330e+000	 5.9606e+001	 -1.7273e-001	
6.2394e+000	 -2.3139e-001	7.1330e+000	 5.9709e+001	 -1.7273e-001	
6.2498e+000	 -2.3139e-001	7.1330e+000	 5.9493e+001	 -1.7334e-001	
6.2603e+000	 -2.3139e-001	7.1330e+000	 5.9490e+001	 -1.7242e-001	
6.2708e+000	 -2.3139e-001	7.1330e+000	 5.9576e+001	 -1.7303e-001	
6.2813e+000	 -2.3139e-001	7.1330e+000	 5.9540e+001	 -1.7212e-001	
6.2917e+000	 -2.3139e-001	7.1330e+000	 5.9653e+001	 -1.7303e-001	
6.3022e+000	 -2.3139e-001	7.1330e+000	 5.9617e+001	 -1.7426e-001	
6.3127e+000	 -2.3139e-001	7.1330e+000	 5.9606e+001	 -1.7334e-001	
6.3231e+000	 -2.3139e-001	7.1330e+000	 5.9623e+001	 -1.7456e-001	
6.3336e+000	 -2.3139e-001	7.1330e+000	 5.9759e+001	 -1.7548e-001	
6.3441e+000	 -2.3139e-001	7.1330e+000	 5.9809e+001	 -1.7426e-001	
6.3545e+000	 -2.3139e-001	7.1330e+000	 5.9845e+001	 -1.7609e-001	
6.3650e+000	 -2.3139e-001	7.1330e+000	 5.9573e+001	 -1.7303e-001	
6.3755e+000	 -2.3139e-001	7.1330e+000	 5.9703e+001	 -1.7365e-001	
6.3859e+000	 -2.3139e-001	7.1330e+000	 5.9831e+001	 -1.7426e-001	
6.3964e+000	 -2.3139e-001	7.1330e+000	 5.9653e+001	 -1.7334e-001	
6.4069e+000	 -2.3139e-001	7.1330e+000	 5.9756e+001	 -1.7487e-001	
6.4173e+000	 -2.3139e-001	7.1330e+000	 5.9734e+001	 -1.7426e-001	
6.4278e+000	 -2.3139e-001	7.1330e+000	 5.9828e+001	 -1.7426e-001	
6.4383e+000	 -2.3139e-001	7.1330e+000	 5.9831e+001	 -1.7365e-001	
6.4488e+000	 -2.3139e-001	7.1330e+000	 5.9762e+001	 -1.7334e-001	
6.4592e+000	 -2.3139e-001	7.1330e+000	 5.9604e+001	 -1.7059e-001	
6.4697e+000	 -2.3139e-001	7.1330e+000	 5.9728e+001	 -1.7395e-001	
6.4802e+000	 -2.3139e-001	7.1330e+000	 5.9853e+001	 -1.7609e-001	
6.4906e+000	 -2.3139e-001	7.1330e+000	 5.9959e+001	 -1.7517e-001	
6.5011e+000	 -2.3139e-001	7.1330e+000	 5.9759e+001	 -1.7365e-001	
6.5116e+000	 -2.3139e-001	7.1330e+000	 5.9850e+001	 -1.7517e-001	
6.5220e+000	 -2.3139e-001	7.1330e+000	 5.9848e+001	 -1.7426e-001	
6.5325e+000	 -2.3139e-001	7.1330e+000	 5.9850e+001	 -1.7395e-001	
6.5430e+000	 -2.3139e-001	7.1330e+000	 5.9703e+001	 -1.7303e-001	
6.5534e+000	 -2.3139e-001	7.1330e+000	 5.9956e+001	 -1.7426e-001	
6.5639e+000	 -2.3139e-001	7.1330e+000	 5.9895e+001	 -1.7303e-001	
6.5744e+000	 -2.3139e-001	7.1330e+000	 6.0000e+001	 -1.7609e-001	
6.5848e+000	 -2.3139e-001	7.1330e+000	 5.9942e+001	 -1.7517e-001	
6.5953e+000	 -2.3139e-001	7.1330e+000	 5.9981e+001	 -1.7578e-001	
6.6058e+000	 -2.3139e-001	7.1330e+000	 5.9873e+001	 -1.7456e-001	
6.6163e+000	 -2.3139e-001	7.1330e+000	 5.9845e+001	 -1.7426e-001	
6.6267e+000	 -2.3139e-001	7.1330e+000	 5.9787e+001	 -1.7426e-001	
6.6372e+000	 -2.3139e-001	7.1330e+000	 5.9875e+001	 -1.7639e-001	
6.6477e+000	 -2.3139e-001	7.1330e+000	 5.9806e+001	 -1.7426e-001	
6.6581e+000	 -2.3139e-001	7.1330e+000	 5.9850e+001	 -1.7334e-001	
6.6686e+000	 -2.3139e-001	7.1330e+000	 5.9662e+001	 -1.7487e-001	
6.6791e+000	 -2.3139e-001	7.1330e+000	 5.9567e+001	 -1.7273e-001	
6.6895e+000	 -2.3139e-001	7.1330e+000	 5.9656e+001	 -1.7365e-001	
6.7000e+000	 -2.3139e-001	7.1330e+000	 5.9737e+001	 -1.7426e-001	
6.7105e+000	 -2.3139e-001	7.1330e+000	 5.9770e+001	 -1.7395e-001	
6.7209e+000	 -2.3139e-001	7.1330e+000	 5.9687e+001	 -1.7181e-001	
6.7314e+000	 -2.3139e-001	7.1330e+000	 5.9759e+001	 -1.7395e-001	
6.7419e+000	 -2.3139e-001	7.1330e+000	 5.9712e+001	 -1.7456e-001	
6.7523e+000	 -2.3139e-001	7.1330e+000	 5.9909e+001	 -1.7456e-001	
6.7628e+000	 -2.3139e-001	7.1330e+000	 5.9814e+001	 -1.7548e-001	
6.7733e+000	 -2.3139e-001	7.1330e+000	 5.9986e+001	 -1.7548e-001	
6.7838e+000	 -2.3139e-001	7.1330e+000	 5.9781e+001	 -1.7303e-001	
6.7942e+000	 -2.3139e-001	7.1330e+000	 6.0025e+001	 -1.7578e-001	
6.8047e+000	 -2.3139e-001	7.1330e+000	 6.0047e+001	 -1.7517e-001	
6.8152e+000	 -2.3139e-001	7.1330e+000	 5.9997e+001	 -1.7548e-001	
6.8256e+000	 -2.3139e-001	7.1330e+000	 5.9978e+001	 -1.7334e-001	
6.8361e+000	 -2.3139e-001	7.1330e+000	 5.9934e+001	 -1.7731e-001	
6.8466e+000	 -2.3139e-001	7.1330e+000	 5.9778e+001	 -1.7395e-001	
6.8570e+000	 -2.3139e-001	7.1330e+000	 5.9984e+001	 -1.7761e-001	
6.8675e+000	 -2.3139e-001	7.1330e+000	 5.9906e+001	 -1.7395e-001	
6.8780e+000	 -2.3139e-001	7.1330e+000	 5.9809e+001	 -1.7426e-001	
6.8884e+000	 -2.3139e-001	7.1330e+000	 5.9839e+001	 -1.7365e-001	
6.8989e+000	 -2.3139e-001	7.1330e+000	 5.9925e+001	 -1.7456e-001	
6.9094e+000	 -2.3139e-001	7.1330e+000	 5.9859e+001	 -1.7548e-001	
6.9198e+000	 -2.3139e-001	7.1330e+000	 6.0028e+001	 -1.7548e-001	
6.9303e+000	 -2.3139e-001	7.1330e+000	 6.0053e+001	 -1.7639e-001	
6.9408e+000	 -2.3139e-001	7.1330e+000	 5.9986e+001	 -1.7548e-001	
6.9513e+000	 -2.3139e-001	7.1330e+000	 6.0053e+001	 -1.7426e-001	
6.9617e+000	 -2.3139e-001	7.1330e+000	 5.9942e+001	 -1.7487e-001	
6.9722e+000	 -2.3139e-001	7.1330e+000	 5.9934e+001	 -1.7426e-001	
6.9827e+000	 -2.3139e-001	7.1330e+000	 5.9853e+001	 -1.7334e-001	
6.9931e+000	 -2.3139e-001	7.1330e+000	 5.9914e+001	 -1.7548e-001	
7.0036e+000	 -2.3139e-001	7.1330e+000	 5.9895e+001	 -1.7517e-001	
7.0141e+000	 -2.3139e-001	7.1330e+000	 6.0061e+001	 -1.7578e-001	
7.0245e+000	 -2.3139e-001	7.1330e+000	 5.9884e+001	 -1.7609e-001	
7.0350e+000	 -2.3139e-001	7.1330e+000	 5.9945e+001	 -1.7365e-001	
7.0455e+000	 -2.3139e-001	7.1330e+000	 6.0025e+001	 -1.7517e-001	
7.0559e+000	 -2.3139e-001	7.1330e+000	 6.0136e+001	 -1.7517e-001	
7.0664e+000	 -2.3139e-001	7.1330e+000	 6.0228e+001	 -1.7639e-001	
7.0769e+000	 -2.3139e-001	7.1330e+000	 6.0092e+001	 -1.7548e-001	
7.0873e+000	 -2.3139e-001	7.1330e+000	 6.0200e+001	 -1.7670e-001	
7.0978e+000	 -2.3139e-001	7.1330e+000	 6.0197e+001	 -1.7517e-001	
7.1083e+000	 -2.3139e-001	7.1330e+000	 6.0172e+001	 -1.7700e-001	
7.1188e+000	 -2.3139e-001	7.1330e+000	 6.0036e+001	 -1.7609e-001	
7.1292e+000	 -2.3139e-001	7.1330e+000	 5.9970e+001	 -1.7395e-001	
7.1397e+000	 -2.3139e-001	7.1330e+000	 6.0125e+001	 -1.7700e-001	
7.1502e+000	 -2.3139e-001	7.1330e+000	 6.0108e+001	 -1.7609e-001	
7.1606e+000	 -2.3139e-001	7.1330e+000	 6.0020e+001	 -1.7426e-001	
7.1711e+000	 -2.3139e-001	7.1330e+000	 6.0000e+001	 -1.7517e-001	
7.1816e+000	 -2.3139e-001	7.1330e+000	 6.0064e+001	 -1.7670e-001	
7.1920e+000	 -2.3139e-001	7.1330e+000	 6.0067e+001	 -1.7670e-001	
7.2025e+000	 -2.3139e-001	7.1330e+000	 5.9950e+001	 -1.7517e-001	
7.2130e+000	 -2.3139e-001	7.1330e+000	 6.0147e+001	 -1.7609e-001	
7.2234e+000	 -2.3139e-001	7.1330e+000	 5.9978e+001	 -1.7456e-001	
7.2339e+000	 -2.3137e-001	7.1330e+000	 5.9867e+001	 -1.7548e-001	
7.2444e+000	 -2.2943e-001	7.1348e+000	 5.9690e+001	 -1.7426e-001	
7.2548e+000	 -2.2631e-001	7.1375e+000	 5.9509e+001	 -1.7212e-001	
7.2653e+000	 -2.2320e-001	7.1405e+000	 5.8932e+001	 -1.7029e-001	
7.2758e+000	 -2.2008e-001	7.1435e+000	 5.8211e+001	 -1.6479e-001	
7.2863e+000	 -2.1696e-001	7.1465e+000	 5.7723e+001	 -1.6296e-001	
7.2967e+000	 -2.1385e-001	7.1492e+000	 5.7248e+001	 -1.6083e-001	
7.3072e+000	 -2.1073e-001	7.1522e+000	 5.6704e+001	 -1.6144e-001	
7.3177e+000	 -2.0761e-001	7.1552e+000	 5.6163e+001	 -1.5808e-001	
7.3281e+000	 -2.0450e-001	7.1582e+000	 5.5614e+001	 -1.4862e-001	
7.3386e+000	 -2.0138e-001	7.1609e+000	 5.5026e+001	 -1.0986e-001	
7.3491e+000	 -1.9827e-001	7.1639e+000	 5.4316e+001	 -1.4343e-002	
7.3595e+000	 -1.9512e-001	7.1669e+000	 5.3805e+001	 2.1973e-002	 
7.3700e+000	 -1.9201e-001	7.1699e+000	 5.3278e+001	 2.8381e-002	 
7.3805e+000	 -1.8889e-001	7.1729e+000	 5.2562e+001	 2.9907e-002	 
7.3909e+000	 -1.8578e-001	7.1756e+000	 5.2055e+001	 3.0212e-002	 
7.4014e+000	 -1.8266e-001	7.1786e+000	 5.1369e+001	 2.7771e-002	 
7.4119e+000	 -1.7954e-001	7.1816e+000	 5.0690e+001	 2.7466e-002	 
7.4223e+000	 -1.7643e-001	7.1846e+000	 5.0207e+001	 3.0212e-002	 
7.4328e+000	 -1.7331e-001	7.1876e+000	 4.9669e+001	 2.9602e-002	 
7.4433e+000	 -1.7019e-001	7.1903e+000	 4.9075e+001	 2.8076e-002	 
7.4538e+000	 -1.6708e-001	7.1933e+000	 4.8384e+001	 2.8381e-002	 
7.4642e+000	 -1.6396e-001	7.1963e+000	 4.7768e+001	 2.9907e-002	 
7.4747e+000	 -1.6085e-001	7.1993e+000	 4.7089e+001	 2.8992e-002	 
7.4852e+000	 -1.5773e-001	7.2023e+000	 4.6708e+001	 2.9907e-002	 
7.4956e+000	 -1.5459e-001	7.2053e+000	 4.6093e+001	 2.9602e-002	 
7.5061e+000	 -1.5147e-001	7.2083e+000	 4.5491e+001	 3.1433e-002	 
7.5166e+000	 -1.4836e-001	7.2113e+000	 4.4794e+001	 2.9297e-002	 
7.5270e+000	 -1.4524e-001	7.2143e+000	 4.4259e+001	 2.8992e-002	 
7.5375e+000	 -1.4212e-001	7.2173e+000	 4.3629e+001	 2.9907e-002	 
7.5480e+000	 -1.3901e-001	7.2203e+000	 4.3088e+001	 2.9907e-002	 
7.5584e+000	 -1.3589e-001	7.2230e+000	 4.2250e+001	 2.8992e-002	 
7.5689e+000	 -1.3277e-001	7.2260e+000	 4.1795e+001	 2.9602e-002	 
7.5794e+000	 -1.2966e-001	7.2289e+000	 4.1138e+001	 2.8992e-002	 
7.5898e+000	 -1.2654e-001	7.2319e+000	 4.0647e+001	 2.8992e-002	 
7.6003e+000	 -1.2343e-001	7.2349e+000	 3.9861e+001	 2.9907e-002	 
7.6108e+000	 -1.2031e-001	7.2379e+000	 3.9340e+001	 2.9297e-002	 
7.6213e+000	 -1.1717e-001	7.2409e+000	 3.8743e+001	 2.8687e-002	 
7.6317e+000	 -1.1405e-001	7.2439e+000	 3.8258e+001	 3.0212e-002	 
7.6422e+000	 -1.1094e-001	7.2469e+000	 3.7556e+001	 3.0212e-002	 
7.6527e+000	 -1.0782e-001	7.2499e+000	 3.6879e+001	 2.8381e-002	 
7.6631e+000	 -1.0470e-001	7.2529e+000	 3.6244e+001	 2.8076e-002	 
7.6736e+000	 -1.0159e-001	7.2559e+000	 3.5697e+001	 2.8992e-002	 
7.6841e+000	 -9.8470e-002	7.2589e+000	 3.5076e+001	 3.1433e-002	 
7.6945e+000	 -9.5354e-002	7.2619e+000	 3.4429e+001	 2.9297e-002	 
7.7050e+000	 -9.2238e-002	7.2649e+000	 3.3833e+001	 3.0518e-002	 
7.7155e+000	 -8.9121e-002	7.2682e+000	 3.3156e+001	 2.8076e-002	 
7.7259e+000	 -8.6005e-002	7.2712e+000	 3.2665e+001	 2.8076e-002	 
7.7364e+000	 -8.2889e-002	7.2742e+000	 3.1955e+001	 3.0212e-002	 
7.7469e+000	 -7.9772e-002	7.2772e+000	 3.1350e+001	 2.9602e-002	 
7.7573e+000	 -7.6632e-002	7.2802e+000	 3.0692e+001	 3.0518e-002	 
7.7678e+000	 -7.3515e-002	7.2832e+000	 3.0029e+001	 2.9602e-002	 
7.7783e+000	 -7.0399e-002	7.2862e+000	 2.9322e+001	 2.9907e-002	 
7.7888e+000	 -6.7283e-002	7.2892e+000	 2.8817e+001	 2.9297e-002	 
7.7992e+000	 -6.4166e-002	7.2922e+000	 2.8179e+001	 3.1738e-002	 
7.8097e+000	 -6.1050e-002	7.2952e+000	 2.7679e+001	 2.9602e-002	 
7.8202e+000	 -5.7934e-002	7.2985e+000	 2.6964e+001	 3.0212e-002	 
7.8306e+000	 -5.4817e-002	7.3015e+000	 2.6320e+001	 2.9297e-002	 
7.8411e+000	 -5.1701e-002	7.3045e+000	 2.5724e+001	 2.8992e-002	 
7.8516e+000	 -4.8585e-002	7.3075e+000	 2.5011e+001	 2.8992e-002	 
7.8620e+000	 -4.5469e-002	7.3105e+000	 2.4361e+001	 2.9602e-002	 
7.8725e+000	 -4.2352e-002	7.3135e+000	 2.3718e+001	 2.9297e-002	 
7.8830e+000	 -3.9236e-002	7.3168e+000	 2.3168e+001	 3.0212e-002	 
7.8934e+000	 -3.6120e-002	7.3198e+000	 2.2530e+001	 2.8381e-002	 
7.9039e+000	 -3.2979e-002	7.3228e+000	 2.1884e+001	 2.9602e-002	 
7.9144e+000	 -2.9863e-002	7.3258e+000	 2.1243e+001	 2.9907e-002	 
7.9248e+000	 -2.6746e-002	7.3288e+000	 2.0610e+001	 3.0823e-002	 
7.9353e+000	 -2.3630e-002	7.3321e+000	 1.9945e+001	 2.9297e-002	 
7.9458e+000	 -2.0514e-002	7.3351e+000	 1.9365e+001	 2.8076e-002	 
7.9563e+000	 -1.7397e-002	7.3381e+000	 1.8693e+001	 3.0518e-002	 
7.9667e+000	 -1.4281e-002	7.3411e+000	 1.8077e+001	 2.9907e-002	 
7.9772e+000	 -1.1165e-002	7.3444e+000	 1.7348e+001	 3.0518e-002	 
7.9877e+000	 -8.0484e-003	7.3474e+000	 1.6776e+001	 2.7466e-002	 
7.9981e+000	 -4.9321e-003	7.3504e+000	 1.6027e+001	 3.1433e-002	 
8.0086e+000	 -1.8158e-003	7.3533e+000	 1.5489e+001	 3.1433e-002	 
8.0191e+000	 1.3005e-003	 7.3566e+000	 1.4807e+001	 2.8381e-002	 
8.0295e+000	 4.4168e-003	 7.3596e+000	 1.4185e+001	 3.1128e-002	 
8.0400e+000	 7.5576e-003	 7.3626e+000	 1.3547e+001	 2.9602e-002	 
8.0505e+000	 1.0674e-002	 7.3659e+000	 1.2895e+001	 2.8687e-002	 
8.0609e+000	 1.3790e-002	 7.3689e+000	 1.2326e+001	 2.8992e-002	 
8.0714e+000	 1.6907e-002	 7.3719e+000	 1.1674e+001	 3.0518e-002	 
8.0819e+000	 2.0023e-002	 7.3752e+000	 1.1003e+001	 2.8687e-002	 
8.0923e+000	 2.3139e-002	 7.3782e+000	 1.0320e+001	 2.9602e-002	 
8.1028e+000	 2.6255e-002	 7.3812e+000	 9.6741e+000	 2.9297e-002	 
8.1133e+000	 2.9372e-002	 7.3845e+000	 9.0332e+000	 2.8992e-002	 
8.1238e+000	 3.2488e-002	 7.3875e+000	 8.3840e+000	 3.0212e-002	 
8.1342e+000	 3.5604e-002	 7.3905e+000	 7.7154e+000	 2.8992e-002	 
8.1447e+000	 3.8721e-002	 7.3938e+000	 7.1439e+000	 2.9297e-002	 
8.1552e+000	 4.1837e-002	 7.3968e+000	 6.4642e+000	 2.9602e-002	 
8.1656e+000	 4.4953e-002	 7.3998e+000	 5.7900e+000	 3.2349e-002	 
8.1761e+000	 4.8094e-002	 7.4031e+000	 5.1380e+000	 2.9602e-002	 
8.1866e+000	 5.1210e-002	 7.4061e+000	 4.4805e+000	 3.0518e-002	 
8.1970e+000	 5.4327e-002	 7.4094e+000	 3.8591e+000	 2.7161e-002	 
8.2075e+000	 5.7443e-002	 7.4124e+000	 3.1849e+000	 2.9602e-002	 
8.2180e+000	 6.0559e-002	 7.4157e+000	 2.5274e+000	 2.9297e-002	 
8.2284e+000	 6.3676e-002	 7.4187e+000	 1.8588e+000	 2.9602e-002	 
8.2389e+000	 6.6792e-002	 7.4217e+000	 1.2263e+000	 2.9297e-002	 
8.2494e+000	 6.9908e-002	 7.4250e+000	 5.4932e-001	 3.0823e-002	 
8.2598e+000	 7.3025e-002	 7.4280e+000	 -9.9876e-002	3.0212e-002	 
8.2703e+000	 7.6141e-002	 7.4313e+000	 -7.9346e-001	2.9602e-002	 
8.2808e+000	 7.9257e-002	 7.4343e+000	 -1.3955e+000	2.8992e-002	 
8.2913e+000	 8.2373e-002	 7.4376e+000	 -2.0419e+000	2.9297e-002	 
8.3017e+000	 8.5514e-002	 7.4406e+000	 -2.7188e+000	2.7466e-002	 
8.3122e+000	 8.8631e-002	 7.4439e+000	 -3.4180e+000	2.9297e-002	 
8.3227e+000	 9.1747e-002	 7.4469e+000	 -4.0588e+000	2.8381e-002	 
8.3331e+000	 9.4863e-002	 7.4502e+000	 -4.7413e+000	3.0212e-002	 
8.3436e+000	 9.7979e-002	 7.4532e+000	 -5.3877e+000	2.9297e-002	 
8.3541e+000	 1.0110e-001	 7.4565e+000	 -6.0619e+000	2.9602e-002	 
8.3645e+000	 1.0421e-001	 7.4595e+000	 -6.7083e+000	2.8687e-002	 
8.3750e+000	 1.0733e-001	 7.4628e+000	 -7.3991e+000	2.9297e-002	 
8.3855e+000	 1.1044e-001	 7.4658e+000	 -8.0539e+000	2.8687e-002	 
8.3959e+000	 1.1356e-001	 7.4691e+000	 -8.7336e+000	2.8687e-002	 
8.4064e+000	 1.1668e-001	 7.4721e+000	 -9.3994e+000	2.9602e-002	 
8.4169e+000	 1.1979e-001	 7.4753e+000	 -1.0076e+001	3.0823e-002	 
8.4273e+000	 1.2291e-001	 7.4786e+000	 -1.0720e+001	2.9297e-002	 
8.4378e+000	 1.2605e-001	 7.4816e+000	 -1.1405e+001	2.8381e-002	 
8.4483e+000	 1.2917e-001	 7.4849e+000	 -1.2077e+001	3.0212e-002	 
8.4588e+000	 1.3228e-001	 7.4879e+000	 -1.2748e+001	2.9297e-002	 
8.4692e+000	 1.3540e-001	 7.4912e+000	 -1.3411e+001	3.1433e-002	 
8.4797e+000	 1.3852e-001	 7.4945e+000	 -1.4080e+001	2.9602e-002	 
8.4902e+000	 1.4163e-001	 7.4975e+000	 -1.4748e+001	3.0212e-002	 
8.5006e+000	 1.4475e-001	 7.5008e+000	 -1.5411e+001	2.9907e-002	 
8.5111e+000	 1.4786e-001	 7.5038e+000	 -1.6083e+001	2.8687e-002	 
8.5216e+000	 1.5098e-001	 7.5071e+000	 -1.6749e+001	2.9907e-002	 
8.5320e+000	 1.5410e-001	 7.5104e+000	 -1.7417e+001	2.9297e-002	 
8.5425e+000	 1.5721e-001	 7.5134e+000	 -1.8072e+001	2.9602e-002	 
8.5530e+000	 1.6033e-001	 7.5167e+000	 -1.8735e+001	2.9297e-002	 
8.5634e+000	 1.6345e-001	 7.5200e+000	 -1.9393e+001	2.9907e-002	 
8.5739e+000	 1.6659e-001	 7.5230e+000	 -2.0017e+001	2.8992e-002	 
8.5844e+000	 1.6970e-001	 7.5263e+000	 -2.0591e+001	2.8076e-002	 
8.5948e+000	 1.7282e-001	 7.5296e+000	 -2.1118e+001	2.9907e-002	 
8.6053e+000	 1.7594e-001	 7.5326e+000	 -2.1634e+001	2.8687e-002	 
8.6158e+000	 1.7905e-001	 7.5359e+000	 -2.2089e+001	2.9907e-002	 
8.6263e+000	 1.8217e-001	 7.5392e+000	 -7.6876e+000	3.0518e-002	 
8.6367e+000	 1.8529e-001	 7.5422e+000	 -2.8853e+000	2.9297e-002	 
8.6472e+000	 1.8840e-001	 7.5455e+000	 -2.8742e+000	2.9297e-002	 
8.6577e+000	 1.9152e-001	 7.5488e+000	 -2.8603e+000	2.8992e-002	 
8.6681e+000	 1.9463e-001	 7.5521e+000	 -2.8492e+000	2.9297e-002	 
8.6786e+000	 1.9775e-001	 7.5551e+000	 -2.8437e+000	2.9907e-002	 
8.6891e+000	 2.0087e-001	 7.5584e+000	 -2.8326e+000	3.0823e-002	 
8.6995e+000	 2.0398e-001	 7.5617e+000	 -2.8215e+000	2.9602e-002	 
8.7100e+000	 2.0712e-001	 7.5650e+000	 -2.8132e+000	2.9297e-002	 
8.7205e+000	 2.1024e-001	 7.5680e+000	 -2.8076e+000	2.9602e-002	 
8.7309e+000	 2.1336e-001	 7.5713e+000	 -2.7993e+000	2.9602e-002	 
8.7414e+000	 2.1647e-001	 7.5746e+000	 -2.7910e+000	2.9602e-002	 
8.7519e+000	 2.1959e-001	 7.5779e+000	 -2.7799e+000	2.9602e-002	 
8.7623e+000	 2.2271e-001	 7.5809e+000	 -2.7743e+000	3.0518e-002	 
8.7728e+000	 2.2582e-001	 7.5842e+000	 -2.7660e+000	2.9297e-002	 
8.7833e+000	 2.2894e-001	 7.5875e+000	 -2.7605e+000	2.9602e-002	 
8.7938e+000	 2.3205e-001	 7.5908e+000	 -2.7549e+000	2.8687e-002	 
8.8042e+000	 2.3517e-001	 7.5941e+000	 -2.7494e+000	3.0212e-002	 
8.8147e+000	 2.3829e-001	 7.5971e+000	 -2.7438e+000	3.0823e-002	 
8.8252e+000	 2.4140e-001	 7.6003e+000	 -2.7383e+000	3.2654e-002	 
8.8356e+000	 2.4452e-001	 7.6036e+000	 -2.7355e+000	2.8992e-002	 
8.8461e+000	 2.4766e-001	 7.6069e+000	 -2.7299e+000	3.0518e-002	 
8.8566e+000	 2.5078e-001	 7.6102e+000	 -2.7299e+000	3.1128e-002	 
8.8670e+000	 2.5389e-001	 7.6135e+000	 -2.7244e+000	2.8381e-002	 
8.8775e+000	 2.5701e-001	 7.6168e+000	 -2.7216e+000	3.0823e-002	 
8.8880e+000	 2.6013e-001	 7.6198e+000	 -2.7188e+000	2.8076e-002	 
8.8984e+000	 2.6324e-001	 7.6231e+000	 -2.7188e+000	3.0518e-002	 
8.9089e+000	 2.6636e-001	 7.6264e+000	 -2.7133e+000	2.8992e-002	 
8.9194e+000	 2.6947e-001	 7.6297e+000	 -2.7133e+000	2.9907e-002	 
8.9298e+000	 2.7259e-001	 7.6330e+000	 -2.7133e+000	2.8992e-002	 
8.9403e+000	 2.7571e-001	 7.6363e+000	 -2.7133e+000	3.0823e-002	 
8.9508e+000	 2.7882e-001	 7.6396e+000	 -2.7133e+000	2.9602e-002	 
8.9613e+000	 2.8194e-001	 7.6429e+000	 -2.7105e+000	3.1433e-002	 
8.9717e+000	 2.8506e-001	 7.6462e+000	 -2.7133e+000	3.1128e-002	 
8.9822e+000	 2.8820e-001	 7.6495e+000	 -2.7133e+000	2.9907e-002	 
8.9927e+000	 2.9131e-001	 7.6528e+000	 -2.7133e+000	3.0212e-002	 
9.0031e+000	 2.9443e-001	 7.6558e+000	 -2.7161e+000	3.0518e-002	 
9.0136e+000	 2.9755e-001	 7.6591e+000	 -2.7188e+000	3.0518e-002	 
9.0241e+000	 3.0066e-001	 7.6624e+000	 -2.7244e+000	2.8992e-002	 
9.0345e+000	 3.0378e-001	 7.6657e+000	 -2.7244e+000	2.8687e-002	 
9.0450e+000	 3.0689e-001	 7.6690e+000	 -2.7272e+000	2.9602e-002	 
9.0555e+000	 3.1001e-001	 7.6723e+000	 -2.7299e+000	3.0518e-002	 
9.0659e+000	 3.1313e-001	 7.6756e+000	 -2.7355e+000	3.0212e-002	 
9.0764e+000	 3.1624e-001	 7.6789e+000	 -2.7383e+000	2.9297e-002	 
9.0869e+000	 3.1936e-001	 7.6822e+000	 -2.7410e+000	2.9907e-002	 
9.0973e+000	 3.2248e-001	 7.6855e+000	 -2.7438e+000	3.1128e-002	 
9.1078e+000	 3.2559e-001	 7.6888e+000	 -2.7494e+000	3.1128e-002	 
9.1183e+000	 3.2873e-001	 7.6921e+000	 -2.7521e+000	2.8992e-002	 
9.1287e+000	 3.3185e-001	 7.6954e+000	 -2.7549e+000	2.8687e-002	 
9.1392e+000	 3.3497e-001	 7.6987e+000	 -2.7605e+000	2.9907e-002	 
9.1497e+000	 3.3808e-001	 7.7020e+000	 -2.7632e+000	2.9602e-002	 
9.1602e+000	 3.4120e-001	 7.7053e+000	 -2.7688e+000	2.9297e-002	 
9.1706e+000	 3.4431e-001	 7.7086e+000	 -2.7715e+000	3.0823e-002	 
9.1811e+000	 3.4743e-001	 7.7119e+000	 -2.7771e+000	2.9297e-002	 
9.1916e+000	 3.5055e-001	 7.7152e+000	 -2.7771e+000	3.1433e-002	 
9.2020e+000	 3.5366e-001	 7.7185e+000	 -2.7854e+000	3.0823e-002	 
9.2125e+000	 3.5678e-001	 7.7217e+000	 -2.7854e+000	3.0212e-002	 
9.2230e+000	 3.5990e-001	 7.7253e+000	 -2.7937e+000	3.0212e-002	 
9.2334e+000	 3.6301e-001	 7.7286e+000	 -2.7937e+000	2.8381e-002	 
9.2439e+000	 3.6613e-001	 7.7319e+000	 -2.7993e+000	3.0518e-002	 
9.2544e+000	 3.6927e-001	 7.7352e+000	 -2.8048e+000	3.0823e-002	 
9.2648e+000	 3.7239e-001	 7.7385e+000	 -2.8076e+000	3.0212e-002	 
9.2753e+000	 3.7550e-001	 7.7418e+000	 -2.8076e+000	2.9907e-002	 
9.2858e+000	 3.7862e-001	 7.7451e+000	 -2.8132e+000	2.9907e-002	 
9.2962e+000	 3.8173e-001	 7.7484e+000	 -2.8132e+000	3.1433e-002	 
9.3067e+000	 3.8485e-001	 7.7517e+000	 -2.8159e+000	2.8076e-002	 
9.3172e+000	 3.8797e-001	 7.7550e+000	 -2.8187e+000	2.9907e-002	 
9.3277e+000	 3.9108e-001	 7.7586e+000	 -2.8187e+000	2.8381e-002	 
9.3381e+000	 3.9420e-001	 7.7619e+000	 -2.8215e+000	3.0823e-002	 
9.3486e+000	 3.9732e-001	 7.7652e+000	 -2.8187e+000	2.9907e-002	 
9.3591e+000	 4.0043e-001	 7.7685e+000	 -2.8243e+000	2.9297e-002	 
9.3695e+000	 4.0355e-001	 7.7718e+000	 -2.8215e+000	2.8992e-002	 
9.3800e+000	 4.0669e-001	 7.7751e+000	 -2.8187e+000	3.0212e-002	 
9.3905e+000	 4.0981e-001	 7.7787e+000	 -2.8187e+000	2.9907e-002	 
9.4009e+000	 4.1292e-001	 7.7820e+000	 -2.8159e+000	2.9297e-002	 
9.4114e+000	 4.1604e-001	 7.7853e+000	 -2.8159e+000	3.0518e-002	 
9.4219e+000	 4.1915e-001	 7.7886e+000	 -2.8132e+000	2.9907e-002	 
9.4323e+000	 4.2227e-001	 7.7919e+000	 -2.8132e+000	3.0518e-002	 
9.4428e+000	 4.2539e-001	 7.7952e+000	 -2.8076e+000	3.1128e-002	 
9.4533e+000	 4.2850e-001	 7.7988e+000	 -2.8076e+000	2.9907e-002	 
9.4637e+000	 4.3162e-001	 7.8021e+000	 -2.8021e+000	3.1128e-002	 
9.4742e+000	 4.3474e-001	 7.8054e+000	 -2.7993e+000	2.9297e-002	 
9.4847e+000	 4.3785e-001	 7.8087e+000	 -2.7965e+000	3.1433e-002	 
9.4952e+000	 4.4097e-001	 7.8120e+000	 -2.7910e+000	2.9297e-002	 
9.5056e+000	 4.4409e-001	 7.8156e+000	 -2.7826e+000	3.0518e-002	 
9.5161e+000	 4.4723e-001	 7.8189e+000	 -2.7799e+000	2.9907e-002	 
9.5266e+000	 4.5034e-001	 7.8222e+000	 -2.7743e+000	2.8992e-002	 
9.5370e+000	 4.5346e-001	 7.8258e+000	 -2.7715e+000	3.0518e-002	 
9.5475e+000	 4.5658e-001	 7.8291e+000	 -2.7660e+000	2.9297e-002	 
9.5580e+000	 4.5969e-001	 7.8324e+000	 -2.7577e+000	3.1128e-002	 
9.5684e+000	 4.6281e-001	 7.8357e+000	 -2.7521e+000	2.9907e-002	 
9.5789e+000	 4.6592e-001	 7.8393e+000	 -2.7466e+000	2.9602e-002	 
9.5894e+000	 4.6904e-001	 7.8426e+000	 -2.7410e+000	2.9297e-002	 
9.5998e+000	 4.7216e-001	 7.8458e+000	 -2.7355e+000	3.0212e-002	 
9.6103e+000	 4.7527e-001	 7.8491e+000	 -2.7299e+000	3.0518e-002	 
9.6208e+000	 4.7839e-001	 7.8527e+000	 -2.7216e+000	2.9602e-002	 
9.6312e+000	 4.8151e-001	 7.8560e+000	 -2.7161e+000	3.0823e-002	 
9.6417e+000	 4.8462e-001	 7.8593e+000	 -2.7105e+000	2.8687e-002	 
9.6522e+000	 4.8776e-001	 7.8629e+000	 -2.7022e+000	3.0212e-002	 
9.6627e+000	 4.9088e-001	 7.8662e+000	 -2.6966e+000	3.0518e-002	 
9.6731e+000	 4.9400e-001	 7.8695e+000	 -2.6883e+000	3.0212e-002	 
9.6836e+000	 4.9711e-001	 7.8731e+000	 -2.6855e+000	3.1433e-002	 
9.6941e+000	 5.0023e-001	 7.8764e+000	 -2.6800e+000	2.9907e-002	 
9.7045e+000	 5.0334e-001	 7.8797e+000	 -2.6717e+000	3.0823e-002	 
9.7150e+000	 5.0646e-001	 7.8833e+000	 -2.6689e+000	3.0212e-002	 
9.7255e+000	 5.0958e-001	 7.8866e+000	 -2.6633e+000	3.0212e-002	 
9.7359e+000	 5.1269e-001	 7.8899e+000	 -2.6578e+000	3.0823e-002	 
9.7464e+000	 5.1581e-001	 7.8935e+000	 -2.6523e+000	2.9907e-002	 
9.7569e+000	 5.1893e-001	 7.8968e+000	 -2.6439e+000	3.0518e-002	 
9.7673e+000	 5.2204e-001	 7.9001e+000	 -2.6384e+000	2.8992e-002	 
9.7778e+000	 5.2516e-001	 7.9037e+000	 -2.6356e+000	2.9907e-002	 
9.7883e+000	 5.2830e-001	 7.9070e+000	 -2.6356e+000	3.1738e-002	 
9.7987e+000	 5.3142e-001	 7.9106e+000	 -2.6301e+000	3.0212e-002	 
9.8092e+000	 5.3453e-001	 7.9139e+000	 -2.6273e+000	2.8992e-002	 
9.8197e+000	 5.3765e-001	 7.9172e+000	 -2.6217e+000	2.9907e-002	 
9.8302e+000	 5.4076e-001	 7.9208e+000	 -2.6190e+000	2.9602e-002	 
9.8406e+000	 5.4388e-001	 7.9241e+000	 -2.6162e+000	2.9907e-002	 
9.8511e+000	 5.4700e-001	 7.9277e+000	 -2.6190e+000	3.0212e-002	 
9.8616e+000	 5.5011e-001	 7.9310e+000	 -2.6162e+000	3.1433e-002	 
9.8720e+000	 5.5323e-001	 7.9343e+000	 -2.6162e+000	2.8687e-002	 
9.8825e+000	 5.5635e-001	 7.9379e+000	 -2.6162e+000	3.0823e-002	 
9.8930e+000	 5.5946e-001	 7.9412e+000	 -2.6134e+000	3.0823e-002	 
9.9034e+000	 5.6258e-001	 7.9448e+000	 -2.6134e+000	2.9297e-002	 
9.9139e+000	 5.6569e-001	 7.9481e+000	 -2.6134e+000	3.0518e-002	 
9.9244e+000	 5.6884e-001	 7.9517e+000	 -2.6162e+000	3.1433e-002	 
9.9348e+000	 5.7195e-001	 7.9550e+000	 -2.6162e+000	3.1128e-002	 
9.9453e+000	 5.7507e-001	 7.9586e+000	 -2.6162e+000	3.0518e-002	 
9.9558e+000	 5.7818e-001	 7.9619e+000	 -2.6217e+000	2.9907e-002	 
9.9662e+000	 5.8130e-001	 7.9655e+000	 -2.6217e+000	3.0823e-002	 
9.9767e+000	 5.8442e-001	 7.9688e+000	 -2.6245e+000	2.9297e-002	 
9.9872e+000	 5.8753e-001	 7.9723e+000	 -2.6273e+000	3.0518e-002	 
9.9977e+000	 5.9065e-001	 7.9756e+000	 -2.6301e+000	3.0518e-002	 
1.0008e+001	 5.9377e-001	 7.9789e+000	 -2.6328e+000	2.9602e-002	 
1.0019e+001	 5.9688e-001	 7.9825e+000	 -2.6384e+000	2.9602e-002	 
1.0029e+001	 6.0000e-001	 7.9858e+000	 -2.6412e+000	3.0212e-002	 
1.0040e+001	 6.0311e-001	 7.9894e+000	 -2.6467e+000	3.0212e-002	 
1.0050e+001	 6.0623e-001	 7.9927e+000	 -2.6495e+000	3.0518e-002	 
1.0060e+001	 6.0937e-001	 7.9963e+000	 -2.6550e+000	3.1433e-002	 
1.0071e+001	 6.1249e-001	 7.9999e+000	 -2.6606e+000	3.0823e-002	 
1.0081e+001	 6.1560e-001	 8.0032e+000	 -2.6633e+000	3.1433e-002	 
1.0092e+001	 6.1872e-001	 8.0068e+000	 -2.6689e+000	2.9907e-002	 
1.0102e+001	 6.2184e-001	 8.0101e+000	 -2.6744e+000	2.9602e-002	 
1.0113e+001	 6.2495e-001	 8.0137e+000	 -2.6772e+000	2.9602e-002	 
1.0123e+001	 6.2807e-001	 8.0170e+000	 -2.6855e+000	2.9907e-002	 
1.0134e+001	 6.3119e-001	 8.0206e+000	 -2.6911e+000	3.0518e-002	 
1.0144e+001	 6.3430e-001	 8.0239e+000	 -2.6994e+000	2.9907e-002	 
1.0155e+001	 6.3742e-001	 8.0275e+000	 -2.7022e+000	2.9907e-002	 
1.0165e+001	 6.4054e-001	 8.0311e+000	 -2.7077e+000	2.8687e-002	 
1.0176e+001	 6.4365e-001	 8.0344e+000	 -2.7133e+000	3.2043e-002	 
1.0186e+001	 6.4677e-001	 8.0380e+000	 -2.7188e+000	3.0212e-002	 
1.0197e+001	 6.4991e-001	 8.0413e+000	 -2.7216e+000	3.1128e-002	 
1.0207e+001	 6.5302e-001	 8.0449e+000	 -2.7272e+000	3.0823e-002	 
1.0217e+001	 6.5614e-001	 8.0485e+000	 -2.7327e+000	3.0212e-002	 
1.0228e+001	 6.5926e-001	 8.0518e+000	 -2.7355e+000	2.9907e-002	 
1.0238e+001	 6.6237e-001	 8.0554e+000	 -2.7410e+000	3.0212e-002	 
1.0249e+001	 6.6549e-001	 8.0587e+000	 -2.7410e+000	3.0823e-002	 
1.0259e+001	 6.6861e-001	 8.0623e+000	 -2.7466e+000	2.9297e-002	 
1.0270e+001	 6.7172e-001	 8.0659e+000	 -2.7494e+000	2.8076e-002	 
1.0280e+001	 6.7484e-001	 8.0692e+000	 -2.7494e+000	2.9907e-002	 
1.0291e+001	 6.7796e-001	 8.0728e+000	 -2.7521e+000	2.9907e-002	 
1.0301e+001	 6.8107e-001	 8.0761e+000	 -2.7549e+000	3.0823e-002	 
1.0312e+001	 6.8419e-001	 8.0797e+000	 -2.7605e+000	2.8992e-002	 
1.0322e+001	 6.8733e-001	 8.0833e+000	 -2.7577e+000	3.0212e-002	 
1.0333e+001	 6.9044e-001	 8.0869e+000	 -2.7605e+000	3.0212e-002	 
1.0343e+001	 6.9356e-001	 8.0902e+000	 -2.7605e+000	2.9907e-002	 
1.0354e+001	 6.9668e-001	 8.0937e+000	 -2.7577e+000	3.0212e-002	 
1.0364e+001	 6.9979e-001	 8.0970e+000	 -2.7605e+000	2.8687e-002	 
1.0375e+001	 7.0291e-001	 8.1006e+000	 -2.7577e+000	2.9907e-002	 
1.0385e+001	 7.0603e-001	 8.1042e+000	 -2.7577e+000	2.9297e-002	 
1.0395e+001	 7.0914e-001	 8.1078e+000	 -2.7549e+000	2.9907e-002	 
1.0406e+001	 7.1226e-001	 8.1111e+000	 -2.7521e+000	2.9297e-002	 
1.0416e+001	 7.1538e-001	 8.1147e+000	 -2.7494e+000	2.9907e-002	 
1.0427e+001	 7.1849e-001	 8.1183e+000	 -2.7466e+000	2.8381e-002	 
1.0437e+001	 7.2161e-001	 8.1216e+000	 -2.7438e+000	2.9297e-002	 
1.0448e+001	 7.2472e-001	 8.1252e+000	 -2.7410e+000	3.0212e-002	 
1.0458e+001	 7.2787e-001	 8.1288e+000	 -2.7383e+000	3.0518e-002	 
1.0469e+001	 7.3098e-001	 8.1321e+000	 -2.7327e+000	3.2959e-002	 
1.0479e+001	 7.3410e-001	 8.1357e+000	 -2.7299e+000	3.0823e-002	 
1.0490e+001	 7.3721e-001	 8.1393e+000	 -2.7272e+000	3.0518e-002	 
1.0500e+001	 7.4033e-001	 8.1429e+000	 -2.7161e+000	3.1128e-002	 
1.0511e+001	 7.4345e-001	 8.1462e+000	 -2.7133e+000	2.9602e-002	 
1.0521e+001	 7.4656e-001	 8.1498e+000	 -2.7077e+000	3.0212e-002	 
1.0532e+001	 7.4968e-001	 8.1534e+000	 -2.7022e+000	2.9907e-002	 
1.0542e+001	 7.5280e-001	 8.1570e+000	 -2.6966e+000	3.0518e-002	 
1.0552e+001	 7.5591e-001	 8.1603e+000	 -2.6911e+000	2.9297e-002	 
1.0563e+001	 7.5903e-001	 8.1639e+000	 -2.6855e+000	3.2043e-002	 
1.0573e+001	 7.6214e-001	 8.1675e+000	 -2.6800e+000	3.0518e-002	 
1.0584e+001	 7.6526e-001	 8.1711e+000	 -2.6744e+000	3.1128e-002	 
1.0594e+001	 7.6838e-001	 8.1744e+000	 -2.6661e+000	2.9907e-002	 
1.0605e+001	 7.7152e-001	 8.1780e+000	 -2.6606e+000	2.8687e-002	 
1.0615e+001	 7.7463e-001	 8.1816e+000	 -2.6550e+000	3.0518e-002	 
1.0626e+001	 7.7775e-001	 8.1852e+000	 -2.6495e+000	3.1128e-002	 
1.0636e+001	 7.8087e-001	 8.1888e+000	 -2.6439e+000	3.0212e-002	 
1.0647e+001	 7.8398e-001	 8.1921e+000	 -2.6384e+000	2.9907e-002	 
1.0657e+001	 7.8710e-001	 8.1957e+000	 -2.6328e+000	3.1128e-002	 
1.0668e+001	 7.9022e-001	 8.1993e+000	 -2.6273e+000	3.0212e-002	 
1.0678e+001	 7.9333e-001	 8.2029e+000	 -2.6217e+000	3.0823e-002	 
1.0689e+001	 7.9645e-001	 8.2065e+000	 -2.6190e+000	3.0212e-002	 
1.0699e+001	 7.9956e-001	 8.2098e+000	 -2.6134e+000	2.9907e-002	 
1.0710e+001	 8.0261e-001	 8.2134e+000	 -2.6079e+000	3.0212e-002	 
